0.663269 -0.466109 0.663269 0.0575133
0.663269 -0.466109 0.663269 0.0575133
0.663269 -0.466109 0.663269 0.0575133
0.663269 -0.466109 0.663269 0.0575133
0.66327 -0.466109 0.66327 0.0575133
0.66327 -0.466109 0.66327 0.0994735
0.66327 -0.466109 0.66327 0.0575133
0.66327 -0.466109 0.66327 0.0575133
0.66327 -0.466109 0.66327 0.0575133
0.66327 -0.466109 0.66327 0.0575133
0.66327 -0.466109 0.66327 0.0575133
0.66327 -0.466109 0.66327 0.0575133
0.66327 -0.466109 0.66327 0.0575133
0.66327 -0.466109 0.66327 0.0155531
0.66327 -0.466109 0.66327 0.0575133
0.66327 -0.466109 0.66327 0.0575133
0.66327 -0.466109 0.66327 0.0575133
0.663271 -0.466109 0.663271 0.0575133
0.663271 -0.466109 0.663271 0.0575133
0.663271 -0.466109 0.663271 0.0575133
0.663271 -0.466109 0.663271 0.0575133
0.663271 -0.466109 0.663271 0.0575133
0.663271 -0.508656 0.663271 0.0575133
0.663271 -0.466109 0.663271 0.0575133
0.663271 -0.466109 0.663271 0.0575133
0.663271 -0.466109 0.663271 0.0575133
0.663271 -0.466109 0.663271 0.0575133
0.663271 -0.466109 0.663271 0.0575133
0.663271 -0.466109 0.663271 0.0575133
0.663272 -0.466109 0.663272 0.0575133
0.663272 -0.466109 0.663272 0.0575133
0.663272 -0.466109 0.663272 0.0575133
0.663272 -0.466109 0.663272 0.0575133
0.663272 -0.466109 0.663272 0.0575133
0.663272 -0.466109 0.663272 0.0575133
0.663272 -0.508656 0.663272 0.0575133
0.663272 -0.466109 0.663272 0.0575133
0.663272 -0.466109 0.663272 0.0575133
0.663272 -0.466109 0.663272 0.0575133
0.663272 -0.466109 0.663272 0.0575133
0.663272 -0.508656 0.663272 0.0575133
0.663272 -0.466109 0.663272 0.0575133
0.663273 -0.466109 0.663273 0.0575133
0.663273 -0.466109 0.663273 0.0575133
0.663273 -0.466109 0.663273 0.0575133
0.663273 -0.508656 0.663273 0.0575133
0.663273 -0.466109 0.663273 0.0575133
0.663273 -0.466109 0.663273 0.0575133
0.663273 -0.466109 0.663273 0.0575133
0.663273 -0.466109 0.663273 0.0575133
0.663273 -0.466109 0.663273 0.0575133
0.663273 -0.508656 0.663273 0.0575133
0.663273 -0.508656 0.663273 0.0575133
0.663273 -0.508656 0.663273 0.0575133
0.663274 -0.466109 0.663274 0.0575133
0.663274 -0.466109 0.663274 0.0575133
0.663274 -0.466109 0.663274 0.0575133
0.663274 -0.466109 0.663274 0.0575133
0.663274 -0.508656 0.663274 0.0575133
0.663274 -0.508656 0.663274 0.0155531
0.663274 -0.466109 0.663274 0.0575133
0.663274 -0.466109 0.663274 0.0575133
0.663274 -0.466109 0.663274 0.0575133
0.663274 -0.466109 0.663274 0.0575133
0.663274 -0.466109 0.663274 0.0575133
0.663274 -0.466109 0.663274 0.0575133
0.663274 -0.466109 0.663274 0.0575133
0.663275 -0.508656 0.663275 0.0575133
0.663275 -0.508656 0.663275 0.0575133
0.663275 -0.466109 0.663275 0.0575133
0.663275 -0.508656 0.663275 0.0575133
0.663275 -0.466109 0.663275 0.0575133
0.663275 -0.466109 0.663275 0.0155531
0.663275 -0.466109 0.663275 0.0575133
0.663275 -0.466109 0.663275 0.0575133
0.663275 -0.466109 0.663275 0.0575133
0.663275 -0.466109 0.663275 0.0575133
0.663275 -0.466109 0.663275 0.0575133
0.663275 -0.508656 0.663275 0.0575133
0.663276 -0.466109 0.663276 0.0575133
0.663276 -0.466109 0.663276 0.0575133
0.663276 -0.466109 0.663276 0.0575133
0.663276 -0.466109 0.663276 0.0575133
0.663276 -0.466109 0.663276 0.0155531
0.663276 -0.423563 0.663276 0.0575133
0.663276 -0.466109 0.663276 0.0575133
0.663276 -0.466109 0.663276 0.0575133
0.663276 -0.466109 0.663276 0.0155531
0.663276 -0.466109 0.663276 0.0155531
0.663276 -0.466109 0.663276 0.0155531
0.663276 -0.466109 0.663276 0.0575133
0.663276 -0.466109 0.663276 0.0575133
0.663277 -0.466109 0.663277 0.0575133
0.663277 -0.466109 0.663277 0.0575133
0.663277 -0.466109 0.663277 0.0155531
0.663277 -0.466109 0.663277 0.0155531
0.663277 -0.466109 0.663277 0.0575133
0.663277 -0.466109 0.663277 0.0575133
0.663277 -0.508656 0.663277 0.0155531
0.663277 -0.466109 0.663277 0.0575133
0.663277 -0.466109 0.663277 0.0575133
0.663277 -0.466109 0.663277 0.0575133
0.663277 -0.466109 0.663277 0.0575133
0.663277 -0.466109 0.663277 0.0575133
0.663278 -0.466109 0.663278 0.0575133
0.663278 -0.466109 0.663278 0.0575133
0.663278 -0.466109 0.663278 0.0575133
0.663278 -0.466109 0.663278 0.0575133
0.663278 -0.466109 0.663278 0.0575133
0.663278 -0.466109 0.663278 0.0575133
0.663278 -0.466109 0.663278 0.0575133
0.663278 -0.466109 0.663278 0.0575133
0.663278 -0.466109 0.663278 0.0155531
0.663278 -0.466109 0.663278 0.0575133
0.663278 -0.466109 0.663278 0.0155531
0.663278 -0.466109 0.663278 0.0155531
0.663278 -0.466109 0.663278 0.0575133
0.663279 -0.466109 0.663279 0.0575133
0.663279 -0.466109 0.663279 0.0575133
0.663279 -0.466109 0.663279 0.0575133
0.663279 -0.466109 0.663279 0.0155531
0.663279 -0.466109 0.663279 0.0155531
0.663279 -0.466109 0.663279 0.0575133
0.663279 -0.466109 0.663279 0.0575133
0.663279 -0.466109 0.663279 0.0575133
0.663279 -0.466109 0.663279 0.0575133
0.663279 -0.466109 0.663279 0.0575133
0.663279 -0.466109 0.663279 0.0575133
0.663279 -0.466109 0.663279 0.0155531
0.66328 -0.466109 0.66328 0.0155531
0.66328 -0.466109 0.66328 0.0575133
0.66328 -0.466109 0.66328 0.0575133
0.66328 -0.466109 0.66328 0.0575133
0.66328 -0.466109 0.66328 0.0575133
0.66328 -0.466109 0.66328 0.0155531
0.66328 -0.466109 0.66328 0.0155531
0.66328 -0.466109 0.66328 0.0575133
0.66328 -0.466109 0.66328 0.0575133
0.66328 -0.466109 0.66328 0.0575133
0.66328 -0.466109 0.66328 0.0155531
0.66328 -0.466109 0.66328 0.0575133
0.66328 -0.466109 0.66328 0.0575133
0.663281 -0.466109 0.663281 0.0155531
0.663281 -0.466109 0.663281 0.0155531
0.663281 -0.466109 0.663281 0.0575133
0.663281 -0.466109 0.663281 0.0575133
0.663281 -0.466109 0.663281 0.0575133
0.663281 -0.466109 0.663281 0.0155531
0.663281 -0.466109 0.663281 0.0575133
0.663281 -0.466109 0.663281 0.0575133
0.663281 -0.466109 0.663281 0.0575133
0.663281 -0.466109 0.663281 0.0155531
0.663281 -0.466109 0.663281 0.0575133
0.663281 -0.466109 0.663281 0.0575133
0.663282 -0.466109 0.663282 0.0575133
0.663282 -0.466109 0.663282 0.0155531
0.663282 -0.466109 0.663282 0.0155531
0.663282 -0.466109 0.663282 0.0155531
0.663282 -0.466109 0.663282 0.0155531
0.663282 -0.466109 0.663282 0.0575133
0.663282 -0.466109 0.663282 0.0575133
0.663282 -0.466109 0.663282 0.0155531
0.663282 -0.466109 0.663282 0.0155531
0.663282 -0.466109 0.663282 0.0155531
0.663282 -0.466109 0.663282 0.0155531
0.663282 -0.466109 0.663282 0.0155531
0.663282 -0.466109 0.663282 0.0155531
0.663283 -0.466109 0.663283 0.0155531
0.663283 -0.466109 0.663283 0.0155531
0.663283 -0.466109 0.663283 0.0155531
0.663283 -0.466109 0.663283 0.0155531
0.663283 -0.466109 0.663283 0.0155531
0.663283 -0.466109 0.663283 0.0575133
0.663283 -0.466109 0.663283 0.0155531
0.663283 -0.466109 0.663283 0.0155531
0.663283 -0.466109 0.663283 0.0575133
0.663283 -0.466109 0.663283 0.0155531
0.663283 -0.466109 0.663283 0.0155531
0.663283 -0.466109 0.663283 0.0155531
0.663284 -0.466109 0.663284 0.0155531
0.663284 -0.466109 0.663284 0.0155531
0.663284 -0.466109 0.663284 0.0155531
0.663284 -0.508656 0.663284 0.0155531
0.663284 -0.466109 0.663284 0.0155531
0.663284 -0.466109 0.663284 0.0155531
0.663284 -0.466109 0.663284 0.0155531
0.663284 -0.466109 0.663284 0.0155531
0.663284 -0.466109 0.663284 0.0155531
0.663284 -0.466109 0.663284 0.0155531
0.663284 -0.466109 0.663284 -0.0264071
0.663284 -0.466109 0.663284 0.0155531
0.663284 -0.466109 0.663284 0.0575133
0.663285 -0.466109 0.663285 0.0155531
0.663285 -0.466109 0.663285 0.0155531
0.663285 -0.466109 0.663285 0.0575133
0.663285 -0.466109 0.663285 0.0155531
0.663285 -0.466109 0.663285 0.0155531
0.663285 -0.466109 0.663285 0.0155531
0.663285 -0.466109 0.663285 0.0155531
0.663285 -0.508656 0.663285 -0.0264071
0.663285 -0.466109 0.663285 0.0155531
0.663285 -0.466109 0.663285 0.0155531
0.663285 -0.466109 0.663285 0.0575133
0.663285 -0.466109 0.663285 0.0155531
0.663286 -0.466109 0.663286 0.0155531
0.663286 -0.466109 0.663286 -0.0264071
0.663286 -0.466109 0.663286 0.0155531
0.663286 -0.466109 0.663286 -0.0264071
0.663286 -0.466109 0.663286 0.0155531
0.663286 -0.466109 0.663286 -0.0264071
0.663286 -0.466109 0.663286 0.0155531
0.663286 -0.466109 0.663286 0.0155531
0.663286 -0.466109 0.663286 0.0155531
0.663286 -0.466109 0.663286 -0.0264071
0.663286 -0.466109 0.663286 0.0155531
0.663286 -0.466109 0.663286 0.0155531
0.663286 -0.466109 0.663286 0.0155531
0.663287 -0.466109 0.663287 0.0155531
0.663287 -0.466109 0.663287 -0.0264071
0.663287 -0.466109 0.663287 -0.0264071
0.663287 -0.466109 0.663287 0.0155531
0.663287 -0.466109 0.663287 -0.0264071
0.663287 -0.466109 0.663287 0.0155531
0.663287 -0.466109 0.663287 -0.0264071
0.663287 -0.466109 0.663287 0.0155531
0.663287 -0.466109 0.663287 0.0155531
0.663287 -0.466109 0.663287 0.0155531
0.663287 -0.508656 0.663287 0.0155531
0.663287 -0.466109 0.663287 -0.0264071
0.663288 -0.466109 0.663288 -0.0264071
0.663288 -0.466109 0.663288 0.0155531
0.663288 -0.466109 0.663288 0.0155531
0.663288 -0.466109 0.663288 0.0155531
0.663288 -0.466109 0.663288 0.0155531
0.663288 -0.466109 0.663288 0.0155531
0.663288 -0.466109 0.663288 -0.0264071
0.663288 -0.466109 0.663288 -0.0264071
0.663288 -0.466109 0.663288 0.0155531
0.663288 -0.508656 0.663288 0.0155531
0.663288 -0.466109 0.663288 0.0155531
0.663288 -0.466109 0.663288 0.0155531
0.663288 -0.466109 0.663288 0.0155531
0.663289 -0.508656 0.663289 0.0155531
0.663289 -0.466109 0.663289 0.0155531
0.663289 -0.508656 0.663289 0.0155531
0.663289 -0.466109 0.663289 0.0155531
0.663289 -0.466109 0.663289 -0.0264071
0.663289 -0.466109 0.663289 -0.0264071
0.663289 -0.466109 0.663289 0.0155531
0.663289 -0.466109 0.663289 -0.0264071
0.663289 -0.466109 0.663289 -0.0264071
0.663289 -0.466109 0.663289 0.0155531
0.663289 -0.466109 0.663289 -0.0264071
0.663289 -0.466109 0.663289 0.0155531
0.66329 -0.508656 0.66329 -0.0264071
0.66329 -0.466109 0.66329 -0.0264071
0.66329 -0.466109 0.66329 0.0155531
0.66329 -0.466109 0.66329 0.0155531
0.66329 -0.466109 0.66329 -0.0264071
0.66329 -0.466109 0.66329 0.0155531
0.66329 -0.466109 0.66329 -0.0264071
0.66329 -0.466109 0.66329 -0.0264071
0.66329 -0.466109 0.66329 -0.0264071
0.66329 -0.466109 0.66329 0.0155531
0.66329 -0.466109 0.66329 -0.0264071
0.66329 -0.466109 0.66329 -0.0264071
0.66329 -0.466109 0.66329 -0.0264071
0.663291 -0.466109 0.663291 -0.0264071
0.663291 -0.466109 0.663291 -0.0264071
0.663291 -0.466109 0.663291 -0.0264071
0.663291 -0.508656 0.663291 -0.0264071
0.663291 -0.466109 0.663291 -0.0264071
0.663291 -0.466109 0.663291 -0.0264071
0.663291 -0.466109 0.663291 -0.0264071
0.663291 -0.466109 0.663291 -0.0264071
0.663291 -0.466109 0.663291 -0.0264071
0.663291 -0.466109 0.663291 -0.0264071
0.663291 -0.466109 0.663291 -0.0264071
0.663291 -0.466109 0.663291 -0.0264071
0.663292 -0.466109 0.663292 -0.0264071
0.663292 -0.466109 0.663292 -0.0264071
0.663292 -0.466109 0.663292 -0.0264071
0.663292 -0.466109 0.663292 -0.0264071
0.663292 -0.466109 0.663292 -0.0264071
0.663292 -0.466109 0.663292 -0.0264071
0.663292 -0.466109 0.663292 0.0155531
0.663292 -0.466109 0.663292 -0.0264071
0.663292 -0.466109 0.663292 -0.0264071
0.663292 -0.466109 0.663292 -0.0264071
0.663292 -0.466109 0.663292 -0.0264071
0.663292 -0.466109 0.663292 -0.0264071
0.663292 -0.466109 0.663292 -0.0264071
0.663293 -0.466109 0.663293 -0.0264071
0.663293 -0.466109 0.663293 -0.0264071
0.663293 -0.466109 0.663293 -0.0264071
0.663293 -0.466109 0.663293 -0.0264071
0.663293 -0.466109 0.663293 -0.0264071
0.663293 -0.466109 0.663293 -0.0264071
0.663293 -0.466109 0.663293 -0.0264071
0.663293 -0.466109 0.663293 -0.0264071
0.663293 -0.466109 0.663293 -0.0264071
0.663293 -0.466109 0.663293 -0.0264071
0.663293 -0.466109 0.663293 0.0155531
0.663293 -0.466109 0.663293 -0.0264071
0.663294 -0.466109 0.663294 -0.0264071
0.663294 -0.466109 0.663294 -0.0264071
0.663294 -0.466109 0.663294 -0.0264071
0.663294 -0.466109 0.663294 -0.0264071
0.663294 -0.466109 0.663294 -0.0264071
0.663294 -0.466109 0.663294 -0.0264071
0.663294 -0.466109 0.663294 0.0155531
0.663294 -0.466109 0.663294 -0.0264071
0.663294 -0.466109 0.663294 -0.0264071
0.663294 -0.466109 0.663294 -0.0264071
0.663294 -0.466109 0.663294 -0.0264071
0.663294 -0.466109 0.663294 0.0155531
0.663294 -0.466109 0.663294 0.0155531
0.663295 -0.466109 0.663295 -0.0264071
0.663295 -0.466109 0.663295 -0.0264071
0.663295 -0.466109 0.663295 -0.0264071
0.663295 -0.466109 0.663295 -0.0264071
0.663295 -0.466109 0.663295 -0.0264071
0.663295 -0.466109 0.663295 -0.0264071
0.663295 -0.466109 0.663295 -0.0264071
0.663295 -0.466109 0.663295 -0.0264071
0.663295 -0.466109 0.663295 -0.0264071
0.663295 -0.466109 0.663295 -0.0264071
0.663295 -0.466109 0.663295 -0.0264071
0.663295 -0.466109 0.663295 -0.0264071
0.663296 -0.508656 0.663296 -0.0264071
0.663296 -0.466109 0.663296 -0.0264071
0.663296 -0.466109 0.663296 -0.0264071
0.663296 -0.466109 0.663296 -0.0264071
0.663296 -0.466109 0.663296 -0.0264071
0.663296 -0.466109 0.663296 -0.0264071
0.663296 -0.466109 0.663296 -0.0264071
0.663296 -0.466109 0.663296 -0.0264071
0.663296 -0.466109 0.663296 -0.0264071
0.663296 -0.466109 0.663296 -0.0264071
0.663296 -0.466109 0.663296 -0.0264071
0.663296 -0.466109 0.663296 -0.0264071
0.663296 -0.466109 0.663296 -0.0264071
0.663297 -0.466109 0.663297 -0.0264071
0.663297 -0.466109 0.663297 -0.0264071
0.663297 -0.466109 0.663297 -0.0264071
0.663297 -0.466109 0.663297 -0.0264071
0.663297 -0.466109 0.663297 -0.0264071
0.663297 -0.466109 0.663297 -0.0264071
0.663297 -0.466109 0.663297 -0.0264071
0.663297 -0.466109 0.663297 -0.0264071
0.663297 -0.466109 0.663297 -0.0264071
0.663297 -0.466109 0.663297 -0.0264071
0.663297 -0.466109 0.663297 -0.0264071
0.663297 -0.466109 0.663297 -0.0264071
0.663298 -0.466109 0.663298 -0.0264071
0.663298 -0.466109 0.663298 -0.0264071
0.663298 -0.466109 0.663298 -0.0264071
0.663298 -0.466109 0.663298 -0.0264071
0.663298 -0.466109 0.663298 -0.0264071
0.663298 -0.466109 0.663298 0.0155531
0.663298 -0.466109 0.663298 -0.0264071
0.663298 -0.466109 0.663298 -0.0264071
0.663298 -0.466109 0.663298 -0.0264071
0.663298 -0.466109 0.663298 -0.0264071
0.663298 -0.466109 0.663298 -0.0264071
0.663298 -0.466109 0.663298 -0.0264071
0.663298 -0.466109 0.663298 -0.0264071
0.663299 -0.423563 0.663299 -0.0264071
0.663299 -0.466109 0.663299 -0.0264071
0.663299 -0.466109 0.663299 -0.0264071
0.663299 -0.466109 0.663299 -0.0264071
0.663299 -0.466109 0.663299 -0.0264071
0.663299 -0.466109 0.663299 -0.0264071
0.663299 -0.466109 0.663299 -0.0264071
0.663299 -0.466109 0.663299 -0.0264071
0.663299 -0.466109 0.663299 -0.0264071
0.663299 -0.466109 0.663299 -0.0264071
0.663299 -0.466109 0.663299 -0.0264071
0.663299 -0.466109 0.663299 -0.0264071
0.6633 -0.466109 0.6633 -0.0264071
0.6633 -0.466109 0.6633 -0.0264071
0.6633 -0.466109 0.6633 -0.0264071
0.6633 -0.466109 0.6633 -0.0264071
0.6633 -0.466109 0.6633 -0.0264071
0.6633 -0.466109 0.6633 -0.0264071
0.6633 -0.466109 0.6633 -0.0264071
0.6633 -0.466109 0.6633 -0.0264071
0.6633 -0.466109 0.6633 -0.0264071
0.6633 -0.508656 0.6633 -0.0264071
0.6633 -0.466109 0.6633 -0.0264071
0.6633 -0.466109 0.6633 -0.0264071
0.6633 -0.466109 0.6633 -0.0264071
0.663301 -0.466109 0.663301 -0.0264071
0.663301 -0.466109 0.663301 -0.0264071
0.663301 -0.466109 0.663301 -0.0264071
0.663301 -0.466109 0.663301 -0.0264071
0.663301 -0.466109 0.663301 -0.0264071
0.663301 -0.466109 0.663301 -0.0264071
0.663301 -0.466109 0.663301 -0.0264071
0.663301 -0.466109 0.663301 -0.0264071
0.663301 -0.466109 0.663301 -0.0264071
0.663301 -0.466109 0.663301 -0.0264071
0.663301 -0.508656 0.663301 -0.0264071
0.663301 -0.466109 0.663301 -0.0264071
0.663302 -0.466109 0.663302 -0.0264071
0.663302 -0.466109 0.663302 -0.0264071
0.663302 -0.466109 0.663302 -0.0264071
0.663302 -0.508656 0.663302 -0.0264071
0.663302 -0.466109 0.663302 -0.0264071
0.663302 -0.466109 0.663302 -0.0264071
0.663302 -0.466109 0.663302 -0.0264071
0.663302 -0.466109 0.663302 -0.0264071
0.663302 -0.508656 0.663302 -0.0264071
0.663302 -0.466109 0.663302 -0.0264071
0.663302 -0.466109 0.663302 -0.0264071
0.663302 -0.466109 0.663302 -0.0264071
0.663302 -0.466109 0.663302 -0.0264071
0.663303 -0.466109 0.663303 -0.0264071
0.663303 -0.508656 0.663303 -0.0264071
0.663303 -0.508656 0.663303 -0.0264071
0.663303 -0.466109 0.663303 -0.0264071
0.663303 -0.466109 0.663303 -0.0264071
0.663303 -0.466109 0.663303 -0.0264071
0.663303 -0.466109 0.663303 -0.0264071
0.663303 -0.466109 0.663303 -0.0264071
0.663303 -0.466109 0.663303 -0.0264071
0.663303 -0.466109 0.663303 -0.0264071
0.663303 -0.466109 0.663303 -0.0264071
0.663303 -0.466109 0.663303 -0.0264071
0.663304 -0.466109 0.663304 -0.0264071
0.663304 -0.466109 0.663304 -0.0264071
0.663304 -0.466109 0.663304 -0.0264071
0.663304 -0.466109 0.663304 -0.0264071
0.663304 -0.466109 0.663304 -0.0264071
0.663304 -0.466109 0.663304 -0.0264071
0.663304 -0.466109 0.663304 -0.0264071
0.663304 -0.466109 0.663304 -0.0264071
0.663304 -0.466109 0.663304 -0.0264071
0.663304 -0.466109 0.663304 -0.0264071
0.663304 -0.508656 0.663304 -0.0264071
0.663304 -0.466109 0.663304 -0.0264071
0.663304 -0.466109 0.663304 -0.0264071
0.663305 -0.466109 0.663305 -0.0264071
0.663305 -0.466109 0.663305 -0.0264071
0.663305 -0.466109 0.663305 -0.0264071
0.663305 -0.466109 0.663305 -0.0264071
0.663305 -0.466109 0.663305 -0.0264071
0.663305 -0.466109 0.663305 -0.0264071
0.663305 -0.466109 0.663305 -0.0264071
0.663305 -0.466109 0.663305 -0.0264071
0.663305 -0.466109 0.663305 -0.0264071
0.663305 -0.466109 0.663305 -0.0264071
0.663305 -0.466109 0.663305 -0.0264071
0.663305 -0.466109 0.663305 -0.0264071
0.663306 -0.466109 0.663306 -0.0264071
0.663306 -0.466109 0.663306 -0.0264071
0.663306 -0.466109 0.663306 -0.0264071
0.663306 -0.466109 0.663306 -0.0264071
0.663306 -0.466109 0.663306 -0.0264071
0.663306 -0.466109 0.663306 -0.0264071
0.663306 -0.466109 0.663306 -0.0264071
0.663306 -0.466109 0.663306 -0.0264071
0.663306 -0.466109 0.663306 -0.0264071
0.663306 -0.466109 0.663306 -0.0264071
0.663306 -0.466109 0.663306 -0.0264071
0.663306 -0.423563 0.663306 -0.0264071
0.663306 -0.466109 0.663306 -0.0264071
0.663307 -0.466109 0.663307 -0.0264071
0.663307 -0.466109 0.663307 -0.0264071
0.663307 -0.466109 0.663307 -0.0264071
0.663307 -0.466109 0.663307 -0.0264071
0.663307 -0.466109 0.663307 -0.0264071
0.663307 -0.466109 0.663307 -0.0264071
0.663307 -0.466109 0.663307 -0.0264071
0.663307 -0.466109 0.663307 -0.0264071
0.663307 -0.466109 0.663307 -0.0264071
0.663307 -0.466109 0.663307 -0.0264071
0.663307 -0.466109 0.663307 -0.0264071
0.663307 -0.466109 0.663307 -0.0264071
0.663308 -0.466109 0.663308 -0.0264071
0.663308 -0.466109 0.663308 -0.0264071
0.663308 -0.466109 0.663308 -0.0264071
0.663308 -0.466109 0.663308 -0.0264071
0.663308 -0.466109 0.663308 -0.0264071
0.663308 -0.466109 0.663308 -0.0264071
0.663308 -0.508656 0.663308 -0.0264071
0.663308 -0.466109 0.663308 -0.0264071
0.663308 -0.466109 0.663308 -0.0264071
0.663308 -0.466109 0.663308 -0.0264071
0.663308 -0.466109 0.663308 -0.0264071
0.663308 -0.466109 0.663308 -0.0264071
0.663308 -0.466109 0.663308 -0.0264071
0.663309 -0.466109 0.663309 -0.0264071
0.663309 -0.466109 0.663309 -0.0264071
0.663309 -0.466109 0.663309 -0.0264071
0.663309 -0.466109 0.663309 -0.0264071
0.663309 -0.466109 0.663309 -0.0264071
0.663309 -0.466109 0.663309 -0.0264071
0.663309 -0.423563 0.663309 -0.0264071
0.663309 -0.466109 0.663309 -0.0264071
0.663309 -0.466109 0.663309 -0.0264071
0.663309 -0.466109 0.663309 -0.0264071
0.663309 -0.466109 0.663309 -0.0264071
0.663309 -0.466109 0.663309 -0.0264071
0.66331 -0.466109 0.66331 -0.0264071
0.66331 -0.466109 0.66331 -0.0264071
0.66331 -0.466109 0.66331 -0.0264071
0.66331 -0.466109 0.66331 -0.0264071
0.66331 -0.466109 0.66331 -0.0264071
0.66331 -0.466109 0.66331 -0.0264071
0.66331 -0.466109 0.66331 -0.0264071
0.66331 -0.466109 0.66331 -0.0264071
0.66331 -0.466109 0.66331 -0.0264071
0.66331 -0.508656 0.66331 -0.0264071
0.66331 -0.466109 0.66331 -0.0264071
0.66331 -0.466109 0.66331 -0.0264071
0.66331 -0.466109 0.66331 -0.0264071
0.663311 -0.466109 0.663311 -0.0264071
0.663311 -0.466109 0.663311 -0.0264071
0.663311 -0.466109 0.663311 -0.0264071
0.663311 -0.466109 0.663311 -0.0264071
0.663311 -0.466109 0.663311 -0.0264071
0.663311 -0.466109 0.663311 -0.0264071
0.663311 -0.466109 0.663311 -0.0264071
0.663311 -0.466109 0.663311 -0.0264071
0.663311 -0.466109 0.663311 -0.0264071
0.663311 -0.466109 0.663311 -0.0264071
0.663311 -0.466109 0.663311 -0.0264071
0.663311 -0.466109 0.663311 -0.0264071
0.663312 -0.466109 0.663312 -0.0264071
0.663312 -0.466109 0.663312 -0.0264071
0.663312 -0.466109 0.663312 -0.0264071
0.663312 -0.466109 0.663312 -0.0264071
0.663312 -0.466109 0.663312 -0.0264071
0.663312 -0.466109 0.663312 0.0155531
0.663312 -0.466109 0.663312 -0.0264071
0.663312 -0.466109 0.663312 -0.0264071
0.663312 -0.466109 0.663312 -0.0264071
0.663312 -0.466109 0.663312 -0.0264071
0.663312 -0.466109 0.663312 -0.0264071
0.663312 -0.466109 0.663312 -0.0264071
0.663312 -0.466109 0.663312 -0.0264071
0.663313 -0.466109 0.663313 -0.0264071
0.663313 -0.466109 0.663313 -0.0264071
0.663313 -0.466109 0.663313 -0.0264071
0.663313 -0.466109 0.663313 -0.0264071
0.663313 -0.466109 0.663313 -0.0264071
0.663313 -0.466109 0.663313 -0.0264071
0.663313 -0.466109 0.663313 -0.0264071
0.663313 -0.466109 0.663313 -0.0264071
0.663313 -0.466109 0.663313 -0.0264071
0.663313 -0.466109 0.663313 -0.0264071
0.663313 -0.466109 0.663313 -0.0264071
0.663313 -0.466109 0.663313 -0.0264071
0.663314 -0.423563 0.663314 -0.0264071
0.663314 -0.466109 0.663314 -0.0264071
0.663314 -0.466109 0.663314 -0.0264071
0.663314 -0.466109 0.663314 -0.0264071
0.663314 -0.466109 0.663314 -0.0264071
0.663314 -0.466109 0.663314 -0.0264071
0.663314 -0.466109 0.663314 -0.0264071
0.663314 -0.466109 0.663314 -0.0264071
0.663314 -0.466109 0.663314 -0.0264071
0.663314 -0.466109 0.663314 -0.0264071
0.663314 -0.466109 0.663314 -0.0264071
0.663314 -0.466109 0.663314 -0.0264071
0.663314 -0.466109 0.663314 -0.0264071
0.663315 -0.466109 0.663315 -0.0264071
0.663315 -0.466109 0.663315 -0.0264071
0.663315 -0.466109 0.663315 -0.0264071
0.663315 -0.466109 0.663315 -0.0264071
0.663315 -0.466109 0.663315 -0.0264071
0.663315 -0.466109 0.663315 -0.0264071
0.663315 -0.423563 0.663315 -0.0264071
0.663315 -0.466109 0.663315 -0.0264071
0.663315 -0.466109 0.663315 0.0155531
0.663315 -0.466109 0.663315 -0.0264071
0.663315 -0.466109 0.663315 0.0155531
0.663315 -0.466109 0.663315 -0.0264071
0.663316 -0.466109 0.663316 -0.0264071
0.663316 -0.466109 0.663316 -0.0264071
0.663316 -0.466109 0.663316 -0.0264071
0.663316 -0.466109 0.663316 -0.0264071
0.663316 -0.466109 0.663316 -0.0264071
0.663316 -0.466109 0.663316 -0.0264071
0.663316 -0.466109 0.663316 -0.0264071
0.663316 -0.466109 0.663316 -0.0264071
0.663316 -0.466109 0.663316 -0.0264071
0.663316 -0.466109 0.663316 0.0155531
0.663316 -0.466109 0.663316 -0.0264071
0.663316 -0.466109 0.663316 -0.0264071
0.663316 -0.466109 0.663316 -0.0264071
0.663317 -0.466109 0.663317 -0.0264071
0.663317 -0.466109 0.663317 0.0155531
0.663317 -0.466109 0.663317 -0.0264071
0.663317 -0.466109 0.663317 0.0155531
0.663317 -0.466109 0.663317 -0.0264071
0.663317 -0.466109 0.663317 -0.0264071
0.663317 -0.466109 0.663317 0.0155531
0.663317 -0.466109 0.663317 -0.0264071
0.663317 -0.466109 0.663317 -0.0264071
0.663317 -0.466109 0.663317 -0.0264071
0.663317 -0.466109 0.663317 -0.0264071
0.663317 -0.466109 0.663317 0.0155531
0.663318 -0.466109 0.663318 -0.0264071
0.663318 -0.466109 0.663318 -0.0264071
0.663318 -0.466109 0.663318 0.0155531
0.663318 -0.466109 0.663318 -0.0264071
0.663318 -0.466109 0.663318 -0.0264071
0.663318 -0.466109 0.663318 -0.0264071
0.663318 -0.466109 0.663318 -0.0264071
0.663318 -0.466109 0.663318 -0.0264071
0.663318 -0.466109 0.663318 -0.0264071
0.663318 -0.466109 0.663318 0.0155531
0.663318 -0.466109 0.663318 -0.0264071
0.663318 -0.466109 0.663318 -0.0264071
0.663318 -0.466109 0.663318 -0.0264071
0.663319 -0.466109 0.663319 -0.0264071
0.663319 -0.466109 0.663319 -0.0264071
0.663319 -0.466109 0.663319 -0.0264071
0.663319 -0.466109 0.663319 -0.0264071
0.663319 -0.466109 0.663319 -0.0264071
0.663319 -0.466109 0.663319 -0.0264071
0.663319 -0.508656 0.663319 -0.0264071
0.663319 -0.466109 0.663319 -0.0264071
0.663319 -0.508656 0.663319 0.0155531
0.663319 -0.466109 0.663319 0.0155531
0.663319 -0.466109 0.663319 0.0155531
0.663319 -0.466109 0.663319 -0.0264071
0.66332 -0.466109 0.66332 -0.0264071
0.66332 -0.466109 0.66332 -0.0264071
0.66332 -0.466109 0.66332 -0.0264071
0.66332 -0.466109 0.66332 -0.0264071
0.66332 -0.466109 0.66332 0.0155531
0.66332 -0.508656 0.66332 0.0155531
0.66332 -0.466109 0.66332 0.0155531
0.66332 -0.466109 0.66332 0.0155531
0.66332 -0.466109 0.66332 -0.0264071
0.66332 -0.466109 0.66332 -0.0264071
0.66332 -0.466109 0.66332 -0.0264071
0.66332 -0.466109 0.66332 -0.0264071
0.66332 -0.466109 0.66332 0.0155531
0.663321 -0.466109 0.663321 -0.0264071
0.663321 -0.466109 0.663321 0.0155531
0.663321 -0.466109 0.663321 -0.0264071
0.663321 -0.508656 0.663321 -0.0264071
0.663321 -0.466109 0.663321 -0.0264071
0.663321 -0.466109 0.663321 -0.0264071
0.663321 -0.466109 0.663321 -0.0264071
0.663321 -0.466109 0.663321 -0.0264071
0.663321 -0.508656 0.663321 -0.0264071
0.663321 -0.466109 0.663321 -0.0264071
0.663321 -0.466109 0.663321 -0.0264071
0.663321 -0.466109 0.663321 -0.0264071
0.663322 -0.466109 0.663322 -0.0264071
0.663322 -0.466109 0.663322 -0.0264071
0.663322 -0.466109 0.663322 -0.0264071
0.663322 -0.423563 0.663322 0.0155531
0.663322 -0.466109 0.663322 -0.0264071
0.663322 -0.466109 0.663322 -0.0264071
0.663322 -0.466109 0.663322 -0.0264071
0.663322 -0.508656 0.663322 -0.0264071
0.663322 -0.466109 0.663322 0.0155531
0.663322 -0.466109 0.663322 0.0155531
0.663322 -0.466109 0.663322 -0.0264071
0.663322 -0.508656 0.663322 -0.0264071
0.663322 -0.466109 0.663322 -0.0264071
0.663323 -0.466109 0.663323 -0.0264071
0.663323 -0.466109 0.663323 0.0155531
0.663323 -0.466109 0.663323 -0.0264071
0.663323 -0.466109 0.663323 -0.0264071
0.663323 -0.466109 0.663323 0.0155531
0.663323 -0.508656 0.663323 0.0155531
0.663323 -0.466109 0.663323 0.0155531
0.663323 -0.508656 0.663323 0.0155531
0.663323 -0.466109 0.663323 0.0155531
0.663323 -0.466109 0.663323 0.0155531
0.663323 -0.466109 0.663323 -0.0264071
0.663323 -0.508656 0.663323 0.0155531
0.663324 -0.466109 0.663324 -0.0264071
0.663324 -0.466109 0.663324 -0.0264071
0.663324 -0.508656 0.663324 -0.0264071
0.663324 -0.508656 0.663324 -0.0264071
0.663324 -0.466109 0.663324 -0.0264071
0.663324 -0.466109 0.663324 -0.0264071
0.663324 -0.466109 0.663324 0.0155531
0.663324 -0.508656 0.663324 -0.0264071
0.663324 -0.466109 0.663324 -0.0264071
0.663324 -0.466109 0.663324 -0.0264071
0.663324 -0.466109 0.663324 -0.0264071
0.663324 -0.466109 0.663324 0.0155531
0.663324 -0.508656 0.663324 -0.0264071
0.663325 -0.466109 0.663325 0.0155531
0.663325 -0.466109 0.663325 0.0155531
0.663325 -0.466109 0.663325 -0.0264071
0.663325 -0.508656 0.663325 0.0155531
0.663325 -0.466109 0.663325 0.0155531
0.663325 -0.466109 0.663325 0.0155531
0.663325 -0.508656 0.663325 -0.0264071
0.663325 -0.508656 0.663325 -0.0264071
0.663325 -0.466109 0.663325 -0.0264071
0.663325 -0.508656 0.663325 0.0155531
0.663325 -0.466109 0.663325 -0.0264071
0.663325 -0.466109 0.663325 0.0155531
0.663326 -0.466109 0.663326 -0.0264071
0.663326 -0.466109 0.663326 -0.0264071
0.663326 -0.508656 0.663326 -0.0264071
0.663326 -0.508656 0.663326 -0.0264071
0.663326 -0.466109 0.663326 -0.0264071
0.663326 -0.466109 0.663326 0.0155531
0.663326 -0.466109 0.663326 0.0155531
0.663326 -0.466109 0.663326 0.0155531
0.663326 -0.508656 0.663326 0.0155531
0.663326 -0.508656 0.663326 -0.0264071
0.663326 -0.466109 0.663326 -0.0264071
0.663326 -0.466109 0.663326 0.0155531
0.663326 -0.466109 0.663326 0.0155531
0.663327 -0.466109 0.663327 0.0155531
0.663327 -0.466109 0.663327 0.0155531
0.663327 -0.466109 0.663327 0.0155531
0.663327 -0.466109 0.663327 0.0155531
0.663327 -0.466109 0.663327 0.0155531
0.663327 -0.466109 0.663327 0.0155531
0.663327 -0.466109 0.663327 0.0155531
0.663327 -0.466109 0.663327 0.0155531
0.663327 -0.466109 0.663327 0.0155531
0.663327 -0.466109 0.663327 0.0155531
0.663327 -0.466109 0.663327 -0.0264071
0.663327 -0.466109 0.663327 0.0155531
0.663328 -0.466109 0.663328 0.0155531
0.663328 -0.466109 0.663328 0.0155531
0.663328 -0.466109 0.663328 0.0155531
0.663328 -0.466109 0.663328 -0.0264071
0.663328 -0.466109 0.663328 0.0575133
0.663328 -0.466109 0.663328 0.0155531
0.663328 -0.466109 0.663328 -0.0264071
0.663328 -0.466109 0.663328 0.0155531
0.663328 -0.466109 0.663328 0.0155531
0.663328 -0.466109 0.663328 0.0155531
0.663328 -0.466109 0.663328 -0.0264071
0.663328 -0.466109 0.663328 0.0155531
0.663328 -0.466109 0.663328 -0.0264071
0.663329 -0.466109 0.663329 0.0155531
0.663329 -0.466109 0.663329 0.0155531
0.663329 -0.466109 0.663329 0.0155531
0.663329 -0.466109 0.663329 0.0155531
0.663329 -0.466109 0.663329 -0.0264071
0.663329 -0.466109 0.663329 0.0155531
0.663329 -0.466109 0.663329 0.0155531
0.663329 -0.466109 0.663329 0.0155531
0.663329 -0.466109 0.663329 0.0155531
0.663329 -0.466109 0.663329 -0.0264071
0.663329 -0.466109 0.663329 0.0155531
0.663329 -0.508656 0.663329 0.0155531
0.66333 -0.466109 0.66333 0.0155531
0.66333 -0.466109 0.66333 0.0155531
0.66333 -0.466109 0.66333 0.0155531
0.66333 -0.466109 0.66333 0.0155531
0.66333 -0.466109 0.66333 0.0155531
0.66333 -0.466109 0.66333 0.0155531
0.66333 -0.466109 0.66333 0.0155531
0.66333 -0.466109 0.66333 0.0155531
0.66333 -0.466109 0.66333 0.0155531
0.66333 -0.466109 0.66333 0.0155531
0.66333 -0.466109 0.66333 -0.0264071
0.66333 -0.466109 0.66333 0.0155531
0.66333 -0.466109 0.66333 0.0155531
0.663331 -0.466109 0.663331 0.0155531
0.663331 -0.466109 0.663331 0.0155531
0.663331 -0.466109 0.663331 0.0155531
0.663331 -0.466109 0.663331 0.0155531
0.663331 -0.466109 0.663331 0.0155531
0.663331 -0.466109 0.663331 0.0155531
0.663331 -0.466109 0.663331 0.0575133
0.663331 -0.466109 0.663331 0.0155531
0.663331 -0.508656 0.663331 0.0155531
0.663331 -0.466109 0.663331 0.0155531
0.663331 -0.466109 0.663331 0.0575133
0.663331 -0.466109 0.663331 0.0155531
0.663332 -0.466109 0.663332 0.0155531
0.663332 -0.466109 0.663332 0.0155531
0.663332 -0.466109 0.663332 0.0155531
0.663332 -0.466109 0.663332 0.0155531
0.663332 -0.466109 0.663332 0.0575133
0.663332 -0.466109 0.663332 0.0155531
0.663332 -0.466109 0.663332 0.0155531
0.663332 -0.466109 0.663332 0.0575133
0.663332 -0.466109 0.663332 0.0575133
0.663332 -0.466109 0.663332 0.0155531
0.663332 -0.466109 0.663332 0.0155531
0.663332 -0.466109 0.663332 0.0155531
0.663332 -0.466109 0.663332 0.0575133
0.663333 -0.423563 0.663333 0.0575133
0.663333 -0.466109 0.663333 0.0155531
0.663333 -0.466109 0.663333 0.0575133
0.663333 -0.466109 0.663333 0.0575133
0.663333 -0.466109 0.663333 0.0575133
0.663333 -0.466109 0.663333 0.0155531
0.663333 -0.466109 0.663333 0.0575133
0.663333 -0.466109 0.663333 0.0155531
0.663333 -0.466109 0.663333 0.0575133
0.663333 -0.466109 0.663333 0.0155531
0.663333 -0.466109 0.663333 0.0575133
0.663333 -0.466109 0.663333 0.0575133
0.663334 -0.466109 0.663334 0.0155531
0.663334 -0.466109 0.663334 0.0155531
0.663334 -0.466109 0.663334 0.0575133
0.663334 -0.423563 0.663334 0.0575133
0.663334 -0.466109 0.663334 0.0575133
0.663334 -0.466109 0.663334 0.0575133
0.663334 -0.466109 0.663334 0.0575133
0.663334 -0.508656 0.663334 0.0155531
0.663334 -0.466109 0.663334 0.0575133
0.663334 -0.466109 0.663334 0.0575133
0.663334 -0.466109 0.663334 0.0155531
0.663334 -0.466109 0.663334 0.0155531
0.663334 -0.466109 0.663334 0.0575133
0.663335 -0.466109 0.663335 0.0575133
0.663335 -0.466109 0.663335 0.0155531
0.663335 -0.466109 0.663335 0.0575133
0.663335 -0.466109 0.663335 0.0575133
0.663335 -0.466109 0.663335 0.0155531
0.663335 -0.466109 0.663335 0.0575133
0.663335 -0.508656 0.663335 0.0575133
0.663335 -0.466109 0.663335 0.0575133
0.663335 -0.508656 0.663335 0.0575133
0.663335 -0.466109 0.663335 0.0575133
0.663335 -0.466109 0.663335 0.0575133
0.663335 -0.466109 0.663335 0.0155531
0.663336 -0.466109 0.663336 0.0155531
0.663336 -0.466109 0.663336 0.0575133
0.663336 -0.508656 0.663336 0.0155531
0.663336 -0.466109 0.663336 0.0575133
0.663336 -0.466109 0.663336 0.0155531
0.663336 -0.466109 0.663336 0.0575133
0.663336 -0.508656 0.663336 0.0155531
0.663336 -0.466109 0.663336 0.0575133
0.663336 -0.466109 0.663336 0.0575133
0.663336 -0.508656 0.663336 0.0575133
0.663336 -0.466109 0.663336 0.0575133
0.663336 -0.466109 0.663336 0.0575133
0.663336 -0.466109 0.663336 0.0155531
0.663337 -0.466109 0.663337 0.0575133
0.663337 -0.466109 0.663337 0.0575133
0.663337 -0.466109 0.663337 0.0155531
0.663337 -0.466109 0.663337 0.0575133
0.663337 -0.466109 0.663337 0.0155531
0.663337 -0.466109 0.663337 0.0575133
0.663337 -0.466109 0.663337 0.0575133
0.663337 -0.466109 0.663337 0.0155531
0.663337 -0.466109 0.663337 0.0575133
0.663337 -0.466109 0.663337 0.0575133
0.663337 -0.466109 0.663337 0.0575133
0.663337 -0.466109 0.663337 0.0575133
0.663338 -0.466109 0.663338 0.0575133
0.663338 -0.466109 0.663338 0.0155531
0.663338 -0.466109 0.663338 0.0575133
0.663338 -0.466109 0.663338 0.0155531
0.663338 -0.466109 0.663338 0.0575133
0.663338 -0.466109 0.663338 0.0575133
0.663338 -0.466109 0.663338 0.0575133
0.663338 -0.466109 0.663338 0.0575133
0.663338 -0.466109 0.663338 0.0575133
0.663338 -0.466109 0.663338 0.0575133
0.663338 -0.466109 0.663338 0.0575133
0.663338 -0.466109 0.663338 0.0575133
0.663338 -0.466109 0.663338 0.0575133
0.663339 -0.466109 0.663339 0.0575133
0.663339 -0.466109 0.663339 0.0575133
0.663339 -0.466109 0.663339 0.0575133
0.663339 -0.466109 0.663339 0.0575133
0.663339 -0.466109 0.663339 0.0575133
0.663339 -0.508656 0.663339 0.0575133
0.663339 -0.466109 0.663339 0.0575133
0.663339 -0.466109 0.663339 0.0575133
0.663339 -0.466109 0.663339 0.0575133
0.663339 -0.466109 0.663339 0.0575133
0.663339 -0.508656 0.663339 0.0575133
0.663339 -0.466109 0.663339 0.0575133
0.66334 -0.466109 0.66334 0.0155531
0.66334 -0.466109 0.66334 0.0575133
0.66334 -0.466109 0.66334 0.0155531
0.66334 -0.466109 0.66334 0.0575133
0.66334 -0.508656 0.66334 0.0575133
0.66334 -0.466109 0.66334 0.0575133
0.66334 -0.466109 0.66334 0.0575133
0.66334 -0.466109 0.66334 0.0575133
0.66334 -0.466109 0.66334 0.0575133
0.66334 -0.466109 0.66334 0.0575133
0.66334 -0.466109 0.66334 0.0575133
0.66334 -0.466109 0.66334 0.0575133
0.66334 -0.423563 0.66334 0.0575133
0.663341 -0.466109 0.663341 0.0575133
0.663341 -0.466109 0.663341 0.0575133
0.663341 -0.466109 0.663341 0.0575133
0.663341 -0.466109 0.663341 0.0575133
0.663341 -0.466109 0.663341 0.0575133
0.663341 -0.508656 0.663341 0.0575133
0.663341 -0.466109 0.663341 0.0575133
0.663341 -0.466109 0.663341 0.0575133
0.663341 -0.466109 0.663341 0.0575133
0.663341 -0.466109 0.663341 0.0575133
0.663341 -0.466109 0.663341 0.0575133
0.663341 -0.466109 0.663341 0.0575133
0.663342 -0.466109 0.663342 0.0575133
0.663342 -0.466109 0.663342 0.0575133
0.663342 -0.466109 0.663342 0.0575133
0.663342 -0.466109 0.663342 0.0575133
0.663342 -0.466109 0.663342 0.0575133
0.663342 -0.466109 0.663342 0.0575133
0.663342 -0.466109 0.663342 0.0575133
0.663342 -0.466109 0.663342 0.0575133
0.663342 -0.466109 0.663342 0.0575133
0.663342 -0.466109 0.663342 0.0155531
0.663342 -0.466109 0.663342 0.0575133
0.663342 -0.466109 0.663342 0.0575133
0.663342 -0.466109 0.663342 0.0155531
0.663343 -0.466109 0.663343 0.0575133
0.663343 -0.466109 0.663343 0.0575133
0.663343 -0.466109 0.663343 0.0155531
0.663343 -0.466109 0.663343 0.0575133
0.663343 -0.466109 0.663343 0.0575133
0.663343 -0.466109 0.663343 0.0575133
0.663343 -0.466109 0.663343 0.0575133
0.663343 -0.466109 0.663343 0.0575133
0.663343 -0.466109 0.663343 0.0575133
0.663343 -0.466109 0.663343 0.0575133
0.663343 -0.466109 0.663343 0.0575133
0.663343 -0.466109 0.663343 0.0575133
0.663344 -0.466109 0.663344 0.0575133
0.663344 -0.466109 0.663344 0.0575133
0.663344 -0.466109 0.663344 0.0575133
0.663344 -0.466109 0.663344 0.0575133
0.663344 -0.466109 0.663344 0.0575133
0.663344 -0.466109 0.663344 0.0575133
0.663344 -0.466109 0.663344 0.0575133
0.663344 -0.466109 0.663344 0.0575133
0.663344 -0.466109 0.663344 0.0575133
0.663344 -0.466109 0.663344 0.0575133
0.663344 -0.466109 0.663344 0.0575133
0.663344 -0.466109 0.663344 0.0575133
0.663344 -0.466109 0.663344 0.0575133
0.663345 -0.466109 0.663345 0.0575133
0.663345 -0.466109 0.663345 0.0575133
0.663345 -0.466109 0.663345 0.0575133
0.663345 -0.466109 0.663345 0.0575133
0.663345 -0.466109 0.663345 0.0575133
0.663345 -0.466109 0.663345 0.0575133
0.663345 -0.466109 0.663345 0.0575133
0.663345 -0.466109 0.663345 0.0575133
0.663345 -0.466109 0.663345 0.0575133
0.663345 -0.466109 0.663345 0.0575133
0.663345 -0.466109 0.663345 0.0575133
0.663345 -0.466109 0.663345 0.0575133
0.663346 -0.466109 0.663346 0.0575133
0.663346 -0.466109 0.663346 0.0575133
0.663346 -0.466109 0.663346 0.0575133
0.663346 -0.466109 0.663346 0.0155531
0.663346 -0.466109 0.663346 0.0575133
0.663346 -0.466109 0.663346 0.0575133
0.663346 -0.466109 0.663346 0.0575133
0.663346 -0.466109 0.663346 0.0575133
0.663346 -0.466109 0.663346 0.0575133
0.663346 -0.466109 0.663346 0.0575133
0.663346 -0.466109 0.663346 0.0575133
0.663346 -0.466109 0.663346 0.0575133
0.663346 -0.466109 0.663346 0.0575133
0.663347 -0.466109 0.663347 0.0575133
0.663347 -0.466109 0.663347 0.0575133
0.663347 -0.466109 0.663347 0.0575133
0.663347 -0.466109 0.663347 0.0575133
0.663347 -0.466109 0.663347 0.0575133
0.663347 -0.466109 0.663347 0.0575133
0.663347 -0.466109 0.663347 0.0575133
0.663347 -0.466109 0.663347 0.0155531
0.663347 -0.466109 0.663347 0.0575133
0.663347 -0.466109 0.663347 0.0575133
0.663347 -0.466109 0.663347 0.0155531
0.663347 -0.466109 0.663347 0.0575133
0.663348 -0.466109 0.663348 0.0575133
0.663348 -0.466109 0.663348 0.0575133
0.663348 -0.466109 0.663348 0.0575133
0.663348 -0.466109 0.663348 0.0575133
0.663348 -0.466109 0.663348 0.0575133
0.663348 -0.466109 0.663348 0.0575133
0.663348 -0.466109 0.663348 0.0575133
0.663348 -0.466109 0.663348 0.0575133
0.663348 -0.466109 0.663348 0.0575133
0.663348 -0.466109 0.663348 0.0575133
0.663348 -0.466109 0.663348 0.0575133
0.663348 -0.466109 0.663348 0.0575133
0.663348 -0.466109 0.663348 0.0575133
0.663349 -0.466109 0.663349 0.0575133
0.663349 -0.466109 0.663349 0.0575133
0.663349 -0.466109 0.663349 0.0575133
0.663349 -0.466109 0.663349 0.0575133
0.663349 -0.466109 0.663349 0.0575133
0.663349 -0.466109 0.663349 0.0575133
0.663349 -0.466109 0.663349 0.0575133
0.663349 -0.466109 0.663349 0.0575133
0.663349 -0.466109 0.663349 0.0575133
0.663349 -0.466109 0.663349 0.0575133
0.663349 -0.466109 0.663349 0.0155531
0.663349 -0.466109 0.663349 0.0575133
0.66335 -0.466109 0.66335 0.0575133
0.66335 -0.466109 0.66335 0.0575133
0.66335 -0.466109 0.66335 0.0155531
0.66335 -0.466109 0.66335 0.0575133
0.66335 -0.466109 0.66335 0.0575133
0.66335 -0.466109 0.66335 0.0155531
0.66335 -0.466109 0.66335 0.0575133
0.66335 -0.466109 0.66335 0.0575133
0.66335 -0.466109 0.66335 0.0575133
0.66335 -0.466109 0.66335 0.0575133
0.66335 -0.466109 0.66335 0.0575133
0.66335 -0.508656 0.66335 0.0575133
0.66335 -0.508656 0.66335 0.0575133
0.663351 -0.466109 0.663351 0.0575133
0.663351 -0.466109 0.663351 0.0575133
0.663351 -0.466109 0.663351 0.0575133
0.663351 -0.466109 0.663351 0.0575133
0.663351 -0.508656 0.663351 0.0575133
0.663351 -0.466109 0.663351 0.0575133
0.663351 -0.466109 0.663351 0.0575133
0.663351 -0.466109 0.663351 0.0575133
0.663351 -0.466109 0.663351 0.0575133
0.663351 -0.466109 0.663351 0.0575133
0.663351 -0.466109 0.663351 0.0575133
0.663351 -0.466109 0.663351 0.0575133
0.663352 -0.466109 0.663352 0.0575133
0.663352 -0.508656 0.663352 0.0575133
0.663352 -0.466109 0.663352 0.0575133
0.663352 -0.466109 0.663352 0.0575133
0.663352 -0.466109 0.663352 0.0575133
0.663352 -0.466109 0.663352 0.0575133
0.663352 -0.466109 0.663352 0.0575133
0.663352 -0.466109 0.663352 0.0575133
0.663352 -0.508656 0.663352 0.0575133
0.663352 -0.466109 0.663352 0.0575133
0.663352 -0.466109 0.663352 0.0575133
0.663352 -0.466109 0.663352 0.0575133
0.663352 -0.466109 0.663352 0.0575133
0.663353 -0.508656 0.663353 0.0575133
0.663353 -0.466109 0.663353 0.0575133
0.663353 -0.466109 0.663353 0.0575133
0.663353 -0.466109 0.663353 0.0575133
0.663353 -0.466109 0.663353 0.0575133
0.663353 -0.466109 0.663353 0.0575133
0.663353 -0.466109 0.663353 0.0575133
0.663353 -0.466109 0.663353 0.0575133
0.663353 -0.466109 0.663353 0.0575133
0.663353 -0.466109 0.663353 0.0575133
0.663353 -0.466109 0.663353 0.0575133
0.663353 -0.466109 0.663353 0.0575133
0.663354 -0.466109 0.663354 0.0575133
0.663354 -0.466109 0.663354 0.0575133
0.663354 -0.466109 0.663354 0.0575133
0.663354 -0.466109 0.663354 0.0575133
0.663354 -0.466109 0.663354 0.0155531
0.663354 -0.466109 0.663354 0.0575133
0.663354 -0.466109 0.663354 0.0575133
0.663354 -0.466109 0.663354 0.0575133
0.663354 -0.466109 0.663354 0.0575133
0.663354 -0.466109 0.663354 0.0575133
0.663354 -0.466109 0.663354 0.0575133
0.663354 -0.466109 0.663354 0.0575133
0.663354 -0.466109 0.663354 0.0575133
0.663355 -0.466109 0.663355 0.0575133
0.663355 -0.466109 0.663355 0.0575133
0.663355 -0.466109 0.663355 0.0575133
0.663355 -0.466109 0.663355 0.0575133
0.663355 -0.466109 0.663355 0.0155531
0.663355 -0.466109 0.663355 0.0575133
0.663355 -0.508656 0.663355 0.0575133
0.663355 -0.466109 0.663355 0.0575133
0.663355 -0.466109 0.663355 0.0575133
0.663355 -0.466109 0.663355 0.0575133
0.663355 -0.466109 0.663355 0.0155531
0.663355 -0.466109 0.663355 0.0575133
0.663356 -0.466109 0.663356 0.0575133
0.663356 -0.466109 0.663356 0.0575133
0.663356 -0.466109 0.663356 0.0155531
0.663356 -0.466109 0.663356 0.0155531
0.663356 -0.423563 0.663356 0.0155531
0.663356 -0.466109 0.663356 0.0575133
0.663356 -0.466109 0.663356 0.0155531
0.663356 -0.466109 0.663356 0.0575133
0.663356 -0.466109 0.663356 0.0155531
0.663356 -0.466109 0.663356 0.0575133
0.663356 -0.466109 0.663356 0.0575133
0.663356 -0.466109 0.663356 0.0155531
0.663356 -0.466109 0.663356 0.0575133
0.663357 -0.466109 0.663357 0.0155531
0.663357 -0.466109 0.663357 0.0155531
0.663357 -0.466109 0.663357 0.0155531
0.663357 -0.466109 0.663357 0.0575133
0.663357 -0.466109 0.663357 0.0575133
0.663357 -0.466109 0.663357 0.0575133
0.663357 -0.466109 0.663357 0.0575133
0.663357 -0.466109 0.663357 0.0155531
0.663357 -0.466109 0.663357 0.0575133
0.663357 -0.466109 0.663357 0.0155531
0.663357 -0.466109 0.663357 0.0575133
0.663357 -0.466109 0.663357 0.0155531
0.663358 -0.466109 0.663358 0.0155531
0.663358 -0.466109 0.663358 0.0575133
0.663358 -0.466109 0.663358 0.0575133
0.663358 -0.466109 0.663358 0.0575133
0.663358 -0.466109 0.663358 0.0155531
0.663358 -0.466109 0.663358 0.0155531
0.663358 -0.508656 0.663358 0.0575133
0.663358 -0.466109 0.663358 0.0575133
0.663358 -0.466109 0.663358 0.0575133
0.663358 -0.466109 0.663358 0.0155531
0.663358 -0.466109 0.663358 0.0155531
0.663358 -0.466109 0.663358 0.0575133
0.663358 -0.466109 0.663358 0.0155531
0.663359 -0.466109 0.663359 0.0575133
0.663359 -0.466109 0.663359 0.0575133
0.663359 -0.466109 0.663359 0.0155531
0.663359 -0.466109 0.663359 0.0575133
0.663359 -0.466109 0.663359 0.0155531
0.663359 -0.466109 0.663359 0.0575133
0.663359 -0.466109 0.663359 0.0575133
0.663359 -0.466109 0.663359 0.0155531
0.663359 -0.466109 0.663359 0.0155531
0.663359 -0.466109 0.663359 0.0155531
0.663359 -0.466109 0.663359 0.0575133
0.663359 -0.466109 0.663359 0.0575133
0.66336 -0.466109 0.66336 0.0155531
0.66336 -0.466109 0.66336 0.0155531
0.66336 -0.466109 0.66336 0.0575133
0.66336 -0.466109 0.66336 0.0155531
0.66336 -0.466109 0.66336 0.0155531
0.66336 -0.466109 0.66336 0.0155531
0.66336 -0.466109 0.66336 0.0575133
0.66336 -0.466109 0.66336 0.0155531
0.66336 -0.466109 0.66336 0.0575133
0.66336 -0.466109 0.66336 0.0155531
0.66336 -0.466109 0.66336 0.0575133
0.66336 -0.466109 0.66336 0.0155531
0.66336 -0.466109 0.66336 0.0155531
0.663361 -0.466109 0.663361 0.0575133
0.663361 -0.466109 0.663361 0.0155531
0.663361 -0.466109 0.663361 0.0575133
0.663361 -0.508656 0.663361 0.0155531
0.663361 -0.466109 0.663361 0.0155531
0.663361 -0.466109 0.663361 0.0155531
0.663361 -0.466109 0.663361 0.0155531
0.663361 -0.466109 0.663361 0.0575133
0.663361 -0.466109 0.663361 0.0575133
0.663361 -0.466109 0.663361 0.0155531
0.663361 -0.466109 0.663361 0.0155531
0.663361 -0.466109 0.663361 0.0155531
0.663362 -0.466109 0.663362 0.0155531
0.663362 -0.466109 0.663362 0.0155531
0.663362 -0.466109 0.663362 0.0575133
0.663362 -0.466109 0.663362 0.0155531
0.663362 -0.466109 0.663362 0.0155531
0.663362 -0.466109 0.663362 0.0575133
0.663362 -0.466109 0.663362 0.0155531
0.663362 -0.466109 0.663362 0.0575133
0.663362 -0.466109 0.663362 0.0155531
0.663362 -0.466109 0.663362 0.0155531
0.663362 -0.466109 0.663362 0.0155531
0.663362 -0.466109 0.663362 0.0155531
0.663362 -0.466109 0.663362 0.0155531
0.663363 -0.466109 0.663363 0.0575133
0.663363 -0.466109 0.663363 0.0155531
0.663363 -0.466109 0.663363 0.0155531
0.663363 -0.466109 0.663363 0.0155531
0.663363 -0.466109 0.663363 0.0155531
0.663363 -0.466109 0.663363 0.0575133
0.663363 -0.466109 0.663363 0.0575133
0.663363 -0.466109 0.663363 0.0155531
0.663363 -0.466109 0.663363 0.0575133
0.663363 -0.466109 0.663363 0.0155531
0.663363 -0.466109 0.663363 0.0155531
0.663363 -0.466109 0.663363 0.0575133
0.663364 -0.466109 0.663364 0.0155531
0.663364 -0.466109 0.663364 0.0155531
0.663364 -0.466109 0.663364 0.0575133
0.663364 -0.466109 0.663364 0.0155531
0.663364 -0.466109 0.663364 0.0155531
0.663364 -0.508656 0.663364 0.0155531
0.663364 -0.466109 0.663364 0.0155531
0.663364 -0.466109 0.663364 0.0155531
0.663364 -0.466109 0.663364 0.0575133
0.663364 -0.466109 0.663364 0.0155531
0.663364 -0.466109 0.663364 0.0575133
0.663364 -0.466109 0.663364 0.0575133
0.663364 -0.466109 0.663364 0.0155531
0.663365 -0.466109 0.663365 0.0575133
0.663365 -0.466109 0.663365 0.0155531
0.663365 -0.466109 0.663365 0.0155531
0.663365 -0.466109 0.663365 0.0575133
0.663365 -0.466109 0.663365 0.0575133
0.663365 -0.466109 0.663365 0.0155531
0.663365 -0.466109 0.663365 0.0575133
0.663365 -0.466109 0.663365 0.0155531
0.663365 -0.466109 0.663365 0.0575133
0.663365 -0.466109 0.663365 0.0155531
0.663365 -0.466109 0.663365 0.0155531
0.663365 -0.466109 0.663365 0.0155531
0.663366 -0.466109 0.663366 0.0155531
0.663366 -0.466109 0.663366 0.0155531
0.663366 -0.466109 0.663366 0.0155531
0.663366 -0.466109 0.663366 0.0575133
0.663366 -0.466109 0.663366 0.0155531
0.663366 -0.466109 0.663366 0.0155531
0.663366 -0.466109 0.663366 0.0155531
0.663366 -0.466109 0.663366 0.0155531
0.663366 -0.466109 0.663366 0.0575133
0.663366 -0.466109 0.663366 0.0155531
0.663366 -0.466109 0.663366 0.0155531
0.663366 -0.466109 0.663366 0.0155531
0.663366 -0.466109 0.663366 0.0155531
0.663367 -0.466109 0.663367 0.0155531
0.663367 -0.466109 0.663367 0.0155531
0.663367 -0.466109 0.663367 0.0155531
0.663367 -0.466109 0.663367 0.0155531
0.663367 -0.466109 0.663367 0.0155531
0.663367 -0.466109 0.663367 0.0155531
0.663367 -0.466109 0.663367 0.0155531
0.663367 -0.466109 0.663367 0.0155531
0.663367 -0.466109 0.663367 0.0155531
0.663367 -0.466109 0.663367 0.0155531
0.663367 -0.466109 0.663367 0.0155531
0.663367 -0.466109 0.663367 0.0155531
0.663368 -0.466109 0.663368 0.0155531
0.663368 -0.466109 0.663368 0.0155531
0.663368 -0.466109 0.663368 0.0155531
0.663368 -0.466109 0.663368 -0.0264071
0.663368 -0.466109 0.663368 0.0155531
0.663368 -0.466109 0.663368 0.0155531
0.663368 -0.466109 0.663368 0.0155531
0.663368 -0.466109 0.663368 0.0155531
0.663368 -0.466109 0.663368 0.0155531
0.663368 -0.466109 0.663368 0.0155531
0.663368 -0.466109 0.663368 0.0155531
0.663368 -0.466109 0.663368 0.0155531
0.663368 -0.466109 0.663368 0.0155531
0.663369 -0.466109 0.663369 0.0155531
0.663369 -0.466109 0.663369 0.0155531
0.663369 -0.466109 0.663369 0.0155531
0.663369 -0.466109 0.663369 0.0155531
0.663369 -0.466109 0.663369 0.0155531
0.663369 -0.466109 0.663369 0.0155531
0.663369 -0.466109 0.663369 0.0155531
0.663369 -0.466109 0.663369 -0.0264071
0.663369 0.257183 0.663369 0.0155531
0.663369 0.469916 0.663369 0.0575133
0.663369 0.512462 0.663369 0.0155531
0.663369 0.512462 0.663369 0.0155531
0.66337 0.512462 0.66337 0.0155531
0.66337 0.512462 0.66337 0.0155531
0.66337 0.512462 0.66337 0.0155531
0.66337 0.512462 0.66337 0.0155531
0.66337 0.512462 0.66337 0.0155531
0.66337 0.512462 0.66337 0.0155531
0.66337 0.512462 0.66337 0.0155531
0.66337 0.512462 0.66337 0.0155531
0.66337 0.512462 0.66337 0.0155531
0.66337 0.469916 0.66337 0.0155531
0.66337 0.512462 0.66337 0.0155531
0.66337 0.555009 0.66337 0.0155531
0.66337 0.512462 0.66337 0.0155531
0.663371 0.512462 0.663371 0.0155531
0.663371 0.512462 0.663371 0.0155531
0.663371 0.512462 0.663371 0.0575133
0.663371 0.512462 0.663371 0.0155531
0.663371 0.512462 0.663371 0.0155531
0.663371 0.512462 0.663371 0.0155531
0.663371 0.512462 0.663371 0.0155531
0.663371 0.512462 0.663371 0.0155531
0.663371 0.512462 0.663371 0.0155531
0.663371 0.512462 0.663371 0.0155531
0.663371 0.469916 0.663371 0.0155531
0.663371 0.512462 0.663371 0.0575133
0.663372 0.512462 0.663372 0.0155531
0.663372 0.512462 0.663372 0.0155531
0.663372 0.512462 0.663372 0.0155531
0.663372 0.512462 0.663372 0.0575133
0.663372 0.512462 0.663372 0.0155531
0.663372 0.469916 0.663372 0.0155531
0.663372 0.512462 0.663372 0.0155531
0.663372 0.512462 0.663372 0.0155531
0.663372 0.512462 0.663372 0.0155531
0.663372 0.469916 0.663372 0.0155531
0.663372 0.512462 0.663372 0.0155531
0.663372 0.512462 0.663372 0.0155531
0.663372 0.512462 0.663372 0.0155531
0.663373 0.512462 0.663373 0.0575133
0.663373 0.512462 0.663373 0.0575133
0.663373 0.512462 0.663373 0.0155531
0.663373 0.512462 0.663373 0.0155531
0.663373 0.469916 0.663373 0.0155531
0.663373 0.512462 0.663373 0.0155531
0.663373 0.512462 0.663373 0.0155531
0.663373 0.512462 0.663373 0.0155531
0.663373 0.512462 0.663373 0.0155531
0.663373 0.469916 0.663373 0.0575133
0.663373 0.469916 0.663373 0.0155531
0.663373 0.512462 0.663373 0.0575133
0.663374 0.512462 0.663374 0.0155531
0.663374 0.512462 0.663374 0.0575133
0.663374 0.512462 0.663374 0.0155531
0.663374 0.512462 0.663374 0.0155531
0.663374 0.512462 0.663374 0.0155531
0.663374 0.512462 0.663374 0.0155531
0.663374 0.512462 0.663374 0.0155531
0.663374 0.512462 0.663374 0.0575133
0.663374 0.512462 0.663374 0.0155531
0.663374 0.512462 0.663374 0.0575133
0.663374 0.512462 0.663374 0.0575133
0.663374 0.555009 0.663374 0.0575133
0.663374 0.512462 0.663374 0.0575133
0.663375 0.512462 0.663375 0.0155531
0.663375 0.512462 0.663375 0.0575133
0.663375 0.512462 0.663375 0.0575133
0.663375 0.512462 0.663375 0.0575133
0.663375 0.512462 0.663375 0.0575133
0.663375 0.555009 0.663375 0.0575133
0.663375 0.512462 0.663375 0.0575133
0.663375 0.512462 0.663375 0.0575133
0.663375 0.512462 0.663375 0.0575133
0.663375 0.512462 0.663375 0.0575133
0.663375 0.512462 0.663375 0.0575133
0.663375 0.512462 0.663375 0.0575133
0.663376 0.512462 0.663376 0.0575133
0.663376 0.512462 0.663376 0.0575133
0.663376 0.512462 0.663376 0.0575133
0.663376 0.512462 0.663376 0.0575133
0.663376 0.512462 0.663376 0.0575133
0.663376 0.512462 0.663376 0.0575133
0.663376 0.512462 0.663376 0.0575133
0.663376 0.555009 0.663376 0.0575133
0.663376 0.512462 0.663376 0.0575133
0.663376 0.512462 0.663376 0.0575133
0.663376 0.512462 0.663376 0.0575133
0.663376 0.469916 0.663376 0.0575133
0.663376 0.512462 0.663376 0.0575133
0.663377 0.512462 0.663377 0.0575133
0.663377 0.512462 0.663377 0.0575133
0.663377 0.512462 0.663377 0.0575133
0.663377 0.512462 0.663377 0.0575133
0.663377 0.512462 0.663377 0.0575133
0.663377 0.512462 0.663377 0.0575133
0.663377 0.512462 0.663377 0.0575133
0.663377 0.512462 0.663377 0.0575133
0.663377 0.512462 0.663377 0.0575133
0.663377 0.512462 0.663377 0.0575133
0.663377 0.512462 0.663377 0.0575133
0.663377 0.512462 0.663377 0.0575133
0.663378 0.469916 0.663378 0.0575133
0.663378 0.512462 0.663378 0.0575133
0.663378 0.512462 0.663378 0.0575133
0.663378 0.512462 0.663378 0.0575133
0.663378 0.512462 0.663378 0.0575133
0.663378 0.512462 0.663378 0.0575133
0.663378 0.469916 0.663378 0.0575133
0.663378 0.512462 0.663378 0.0575133
0.663378 0.512462 0.663378 0.0575133
0.663378 0.512462 0.663378 0.0575133
0.663378 0.512462 0.663378 0.0575133
0.663378 0.512462 0.663378 0.0575133
0.663378 0.512462 0.663378 0.0575133
0.663379 0.512462 0.663379 0.0575133
0.663379 0.512462 0.663379 0.0575133
0.663379 0.512462 0.663379 0.0575133
0.663379 0.512462 0.663379 0.0575133
0.663379 0.555009 0.663379 0.0575133
0.663379 0.512462 0.663379 0.0575133
0.663379 0.512462 0.663379 0.0575133
0.663379 0.512462 0.663379 0.0575133
0.663379 0.512462 0.663379 0.0575133
0.663379 0.512462 0.663379 0.0575133
0.663379 0.512462 0.663379 0.0575133
0.663379 0.512462 0.663379 0.0575133
0.66338 0.555009 0.66338 0.0575133
0.66338 0.512462 0.66338 0.0575133
0.66338 0.555009 0.66338 0.0575133
0.66338 0.512462 0.66338 0.0575133
0.66338 0.512462 0.66338 0.0575133
0.66338 0.512462 0.66338 0.0575133
0.66338 0.512462 0.66338 0.0575133
0.66338 0.512462 0.66338 0.0575133
0.66338 0.512462 0.66338 0.0575133
0.66338 0.512462 0.66338 0.0575133
0.66338 0.512462 0.66338 0.0575133
0.66338 0.512462 0.66338 0.0575133
0.66338 0.512462 0.66338 0.0575133
0.663381 0.512462 0.663381 0.0575133
0.663381 0.512462 0.663381 0.0575133
0.663381 0.512462 0.663381 0.0575133
0.663381 0.512462 0.663381 0.0575133
0.663381 0.555009 0.663381 0.0575133
0.663381 0.512462 0.663381 0.0575133
0.663381 0.512462 0.663381 0.0575133
0.663381 0.512462 0.663381 0.0575133
0.663381 0.512462 0.663381 0.0575133
0.663381 0.512462 0.663381 0.0575133
0.663381 0.555009 0.663381 0.0575133
0.663381 0.555009 0.663381 0.0575133
0.663382 0.512462 0.663382 0.0575133
0.663382 0.512462 0.663382 0.0575133
0.663382 0.512462 0.663382 0.0575133
0.663382 0.512462 0.663382 0.0575133
0.663382 0.512462 0.663382 0.0575133
0.663382 0.512462 0.663382 0.0575133
0.663382 0.555009 0.663382 0.0575133
0.663382 0.512462 0.663382 0.0575133
0.663382 0.512462 0.663382 0.0575133
0.663382 0.512462 0.663382 0.0575133
0.663382 0.512462 0.663382 0.0575133
0.663382 0.512462 0.663382 0.0575133
0.663382 0.555009 0.663382 0.0575133
0.663383 0.512462 0.663383 0.0575133
0.663383 0.555009 0.663383 0.0575133
0.663383 0.512462 0.663383 0.0575133
0.663383 0.512462 0.663383 0.0575133
0.663383 0.512462 0.663383 0.0575133
0.663383 0.512462 0.663383 0.0575133
0.663383 0.512462 0.663383 0.0575133
0.663383 0.555009 0.663383 0.0575133
0.663383 0.512462 0.663383 0.0575133
0.663383 0.512462 0.663383 0.0575133
0.663383 0.555009 0.663383 0.0575133
0.663383 0.555009 0.663383 0.0575133
0.663384 0.555009 0.663384 0.0575133
0.663384 0.555009 0.663384 0.0575133
0.663384 0.512462 0.663384 0.0575133
0.663384 0.512462 0.663384 0.0575133
0.663384 0.555009 0.663384 0.0575133
0.663384 0.555009 0.663384 0.0575133
0.663384 0.512462 0.663384 0.0575133
0.663384 0.555009 0.663384 0.0575133
0.663384 0.512462 0.663384 0.0575133
0.663384 0.555009 0.663384 0.0575133
0.663384 0.555009 0.663384 0.0994735
0.663384 0.512462 0.663384 0.0575133
0.663384 0.512462 0.663384 0.0575133
0.663385 0.512462 0.663385 0.0575133
0.663385 0.555009 0.663385 0.0575133
0.663385 0.512462 0.663385 0.0575133
0.663385 0.512462 0.663385 0.0575133
0.663385 0.512462 0.663385 0.0575133
0.663385 0.512462 0.663385 0.0575133
0.663385 0.512462 0.663385 0.0575133
0.663385 0.555009 0.663385 0.0575133
0.663385 0.512462 0.663385 0.0575133
0.663385 0.555009 0.663385 0.0575133
0.663385 0.555009 0.663385 0.0575133
0.663385 0.555009 0.663385 0.0575133
0.663386 0.512462 0.663386 0.0575133
0.663386 0.512462 0.663386 0.0575133
0.663386 0.512462 0.663386 0.0575133
0.663386 0.555009 0.663386 0.0575133
0.663386 0.512462 0.663386 0.0575133
0.663386 0.512462 0.663386 0.0575133
0.663386 0.512462 0.663386 0.0575133
0.663386 0.555009 0.663386 0.0575133
0.663386 0.555009 0.663386 0.0575133
0.663386 0.512462 0.663386 0.0575133
0.663386 0.512462 0.663386 0.0575133
0.663386 0.555009 0.663386 0.0575133
0.663386 0.555009 0.663386 0.0575133
0.663387 0.512462 0.663387 0.0575133
0.663387 0.555009 0.663387 0.0575133
0.663387 0.555009 0.663387 0.0575133
0.663387 0.512462 0.663387 0.0575133
0.663387 0.512462 0.663387 0.0575133
0.663387 0.555009 0.663387 0.0994735
0.663387 0.512462 0.663387 0.0575133
0.663387 0.512462 0.663387 0.0575133
0.663387 0.512462 0.663387 0.0575133
0.663387 0.512462 0.663387 0.0575133
0.663387 0.555009 0.663387 0.0575133
0.663387 0.555009 0.663387 0.0575133
0.663388 0.512462 0.663388 0.0575133
0.663388 0.512462 0.663388 0.0994735
0.663388 0.512462 0.663388 0.0994735
0.663388 0.512462 0.663388 0.0575133
0.663388 0.512462 0.663388 0.0575133
0.663388 0.512462 0.663388 0.0575133
0.663388 0.512462 0.663388 0.0575133
0.663388 0.512462 0.663388 0.0575133
0.663388 0.512462 0.663388 0.0994735
0.663388 0.512462 0.663388 0.0575133
0.663388 0.512462 0.663388 0.0575133
0.663388 0.469916 0.663388 0.0575133
0.663388 0.512462 0.663388 0.0575133
0.663389 0.512462 0.663389 0.0575133
0.663389 0.512462 0.663389 0.0575133
0.663389 0.512462 0.663389 0.0575133
0.663389 0.555009 0.663389 0.0575133
0.663389 0.555009 0.663389 0.0575133
0.663389 0.512462 0.663389 0.0575133
0.663389 0.555009 0.663389 0.0994735
0.663389 0.512462 0.663389 0.0575133
0.663389 0.555009 0.663389 0.0575133
0.663389 0.512462 0.663389 0.0575133
0.663389 0.512462 0.663389 0.0575133
0.663389 0.512462 0.663389 0.0575133
0.66339 0.555009 0.66339 0.0575133
0.66339 0.512462 0.66339 0.0994735
0.66339 0.512462 0.66339 0.0575133
0.66339 0.512462 0.66339 0.0575133
0.66339 0.512462 0.66339 0.0575133
0.66339 0.512462 0.66339 0.0575133
0.66339 0.512462 0.66339 0.0575133
0.66339 0.512462 0.66339 0.0994735
0.66339 0.469916 0.66339 0.0994735
0.66339 0.512462 0.66339 0.0575133
0.66339 0.512462 0.66339 0.0994735
0.66339 0.512462 0.66339 0.0575133
0.66339 0.512462 0.66339 0.0575133
0.663391 0.512462 0.663391 0.0575133
0.663391 0.512462 0.663391 0.0994735
0.663391 0.512462 0.663391 0.0575133
0.663391 0.512462 0.663391 0.0575133
0.663391 0.512462 0.663391 0.0994735
0.663391 0.512462 0.663391 0.0575133
0.663391 0.512462 0.663391 0.0575133
0.663391 0.512462 0.663391 0.0575133
0.663391 0.512462 0.663391 0.0994735
0.663391 0.512462 0.663391 0.0575133
0.663391 0.512462 0.663391 0.0575133
0.663391 0.512462 0.663391 0.0575133
0.663392 0.512462 0.663392 0.0575133
0.663392 0.512462 0.663392 0.0575133
0.663392 0.512462 0.663392 0.0575133
0.663392 0.512462 0.663392 0.0575133
0.663392 0.512462 0.663392 0.0994735
0.663392 0.512462 0.663392 0.0575133
0.663392 0.512462 0.663392 0.0575133
0.663392 0.512462 0.663392 0.0575133
0.663392 0.512462 0.663392 0.0575133
0.663392 0.512462 0.663392 0.0994735
0.663392 0.512462 0.663392 0.0994735
0.663392 0.512462 0.663392 0.0575133
0.663392 0.512462 0.663392 0.0575133
0.663393 0.512462 0.663393 0.0575133
0.663393 0.512462 0.663393 0.0575133
0.663393 0.512462 0.663393 0.0575133
0.663393 0.512462 0.663393 0.0994735
0.663393 0.512462 0.663393 0.0575133
0.663393 0.512462 0.663393 0.0575133
0.663393 0.512462 0.663393 0.0994735
0.663393 0.512462 0.663393 0.0575133
0.663393 0.512462 0.663393 0.0575133
0.663393 0.512462 0.663393 0.0575133
0.663393 0.512462 0.663393 0.0575133
0.663393 0.512462 0.663393 0.0575133
0.663394 0.512462 0.663394 0.0575133
0.663394 0.512462 0.663394 0.0994735
0.663394 0.512462 0.663394 0.0575133
0.663394 0.512462 0.663394 0.0575133
0.663394 0.512462 0.663394 0.0994735
0.663394 0.555009 0.663394 0.0994735
0.663394 0.469916 0.663394 0.0575133
0.663394 0.512462 0.663394 0.0575133
0.663394 0.512462 0.663394 0.0575133
0.663394 0.512462 0.663394 0.0575133
0.663394 0.512462 0.663394 0.0575133
0.663394 0.512462 0.663394 0.0575133
0.663394 0.512462 0.663394 0.0575133
0.663395 0.555009 0.663395 0.0575133
0.663395 0.512462 0.663395 0.0575133
0.663395 0.512462 0.663395 0.0575133
0.663395 0.555009 0.663395 0.0575133
0.663395 0.512462 0.663395 0.0575133
0.663395 0.512462 0.663395 0.0575133
0.663395 0.512462 0.663395 0.0575133
0.663395 0.512462 0.663395 0.0575133
0.663395 0.512462 0.663395 0.0575133
0.663395 0.512462 0.663395 0.0575133
0.663395 0.512462 0.663395 0.0575133
0.663395 0.512462 0.663395 0.0575133
0.663396 0.512462 0.663396 0.0994735
0.663396 0.512462 0.663396 0.0575133
0.663396 0.512462 0.663396 0.0575133
0.663396 0.512462 0.663396 0.0575133
0.663396 0.512462 0.663396 0.0575133
0.663396 0.512462 0.663396 0.0575133
0.663396 0.512462 0.663396 0.0575133
0.663396 0.512462 0.663396 0.0575133
0.663396 0.512462 0.663396 0.0994735
0.663396 0.512462 0.663396 0.0575133
0.663396 0.512462 0.663396 0.0575133
0.663396 0.512462 0.663396 0.0575133
0.663396 0.512462 0.663396 0.0575133
0.663397 0.512462 0.663397 0.0575133
0.663397 0.512462 0.663397 0.0575133
0.663397 0.512462 0.663397 0.0575133
0.663397 0.512462 0.663397 0.0575133
0.663397 0.512462 0.663397 0.0575133
0.663397 0.512462 0.663397 0.0575133
0.663397 0.555009 0.663397 0.0575133
0.663397 0.512462 0.663397 0.0575133
0.663397 0.512462 0.663397 0.0575133
0.663397 0.512462 0.663397 0.0575133
0.663397 0.512462 0.663397 0.0575133
0.663397 0.512462 0.663397 0.0575133
0.663398 0.512462 0.663398 0.0575133
0.663398 0.512462 0.663398 0.0575133
0.663398 0.512462 0.663398 0.0575133
0.663398 0.512462 0.663398 0.0575133
0.663398 0.512462 0.663398 0.0575133
0.663398 0.512462 0.663398 0.0575133
0.663398 0.512462 0.663398 0.0575133
0.663398 0.512462 0.663398 0.0575133
0.663398 0.512462 0.663398 0.0575133
0.663398 0.512462 0.663398 0.0575133
0.663398 0.512462 0.663398 0.0575133
0.663398 0.512462 0.663398 0.0575133
0.663398 0.512462 0.663398 0.0575133
0.663399 0.512462 0.663399 0.0575133
0.663399 0.512462 0.663399 0.0575133
0.663399 0.512462 0.663399 0.0575133
0.663399 0.512462 0.663399 0.0575133
0.663399 0.512462 0.663399 0.0575133
0.663399 0.512462 0.663399 0.0575133
0.663399 0.512462 0.663399 0.0575133
0.663399 0.555009 0.663399 0.0575133
0.663399 0.512462 0.663399 0.0575133
0.663399 0.512462 0.663399 0.0575133
0.663399 0.512462 0.663399 0.0575133
0.663399 0.555009 0.663399 0.0575133
0.6634 0.512462 0.6634 0.0575133
0.6634 0.555009 0.6634 0.0575133
0.6634 0.512462 0.6634 0.0575133
0.6634 0.555009 0.6634 0.0575133
0.6634 0.512462 0.6634 0.0575133
0.6634 0.555009 0.6634 0.0575133
0.6634 0.555009 0.6634 0.0575133
0.6634 0.512462 0.6634 0.0575133
0.6634 0.555009 0.6634 0.0575133
0.6634 0.512462 0.6634 0.0575133
0.6634 0.555009 0.6634 0.0575133
0.6634 0.512462 0.6634 0.0575133
0.6634 0.512462 0.6634 0.0575133
0.663401 0.555009 0.663401 0.0575133
0.663401 0.512462 0.663401 0.0575133
0.663401 0.555009 0.663401 0.0575133
0.663401 0.512462 0.663401 0.0575133
0.663401 0.555009 0.663401 0.0575133
0.663401 0.512462 0.663401 0.0575133
0.663401 0.555009 0.663401 0.0575133
0.663401 0.512462 0.663401 0.0155531
0.663401 0.512462 0.663401 0.0575133
0.663401 0.512462 0.663401 0.0575133
0.663401 0.512462 0.663401 0.0575133
0.663401 0.512462 0.663401 0.0575133
0.663402 0.512462 0.663402 0.0575133
0.663402 0.512462 0.663402 0.0575133
0.663402 0.512462 0.663402 0.0575133
0.663402 0.512462 0.663402 0.0575133
0.663402 0.512462 0.663402 0.0575133
0.663402 0.512462 0.663402 0.0575133
0.663402 0.555009 0.663402 0.0155531
0.663402 0.512462 0.663402 0.0575133
0.663402 0.512462 0.663402 0.0575133
0.663402 0.512462 0.663402 0.0575133
0.663402 0.512462 0.663402 0.0575133
0.663402 0.512462 0.663402 0.0575133
0.663402 0.555009 0.663402 0.0575133
0.663403 0.512462 0.663403 0.0155531
0.663403 0.512462 0.663403 0.0575133
0.663403 0.512462 0.663403 0.0575133
0.663403 0.512462 0.663403 0.0155531
0.663403 0.512462 0.663403 0.0575133
0.663403 0.512462 0.663403 0.0575133
0.663403 0.512462 0.663403 0.0575133
0.663403 0.512462 0.663403 0.0575133
0.663403 0.555009 0.663403 0.0575133
0.663403 0.555009 0.663403 0.0575133
0.663403 0.512462 0.663403 0.0575133
0.663403 0.555009 0.663403 0.0575133
0.663404 0.512462 0.663404 0.0575133
0.663404 0.555009 0.663404 0.0575133
0.663404 0.512462 0.663404 0.0575133
0.663404 0.512462 0.663404 0.0575133
0.663404 0.512462 0.663404 0.0575133
0.663404 0.512462 0.663404 0.0575133
0.663404 0.512462 0.663404 0.0575133
0.663404 0.512462 0.663404 0.0575133
0.663404 0.512462 0.663404 0.0575133
0.663404 0.512462 0.663404 0.0155531
0.663404 0.555009 0.663404 0.0575133
0.663404 0.512462 0.663404 0.0575133
0.663404 0.512462 0.663404 0.0575133
0.663405 0.512462 0.663405 0.0575133
0.663405 0.512462 0.663405 0.0575133
0.663405 0.555009 0.663405 0.0575133
0.663405 0.512462 0.663405 0.0575133
0.663405 0.512462 0.663405 0.0155531
0.663405 0.512462 0.663405 0.0575133
0.663405 0.512462 0.663405 0.0575133
0.663405 0.512462 0.663405 0.0575133
0.663405 0.512462 0.663405 0.0155531
0.663405 0.512462 0.663405 0.0575133
0.663405 0.512462 0.663405 0.0575133
0.663405 0.555009 0.663405 0.0575133
0.663406 0.512462 0.663406 0.0155531
0.663406 0.512462 0.663406 0.0155531
0.663406 0.512462 0.663406 0.0155531
0.663406 0.512462 0.663406 0.0575133
0.663406 0.512462 0.663406 0.0155531
0.663406 0.512462 0.663406 0.0155531
0.663406 0.512462 0.663406 0.0575133
0.663406 0.512462 0.663406 0.0155531
0.663406 0.512462 0.663406 0.0575133
0.663406 0.512462 0.663406 0.0575133
0.663406 0.512462 0.663406 0.0155531
0.663406 0.512462 0.663406 0.0155531
0.663406 0.512462 0.663406 0.0155531
0.663407 0.512462 0.663407 0.0155531
0.663407 0.512462 0.663407 0.0155531
0.663407 0.512462 0.663407 0.0155531
0.663407 0.512462 0.663407 0.0575133
0.663407 0.512462 0.663407 0.0155531
0.663407 0.512462 0.663407 0.0155531
0.663407 0.512462 0.663407 0.0155531
0.663407 0.512462 0.663407 0.0155531
0.663407 0.512462 0.663407 0.0155531
0.663407 0.512462 0.663407 0.0155531
0.663407 0.512462 0.663407 0.0155531
0.663407 0.512462 0.663407 0.0155531
0.663408 0.512462 0.663408 0.0155531
0.663408 0.512462 0.663408 0.0575133
0.663408 0.512462 0.663408 0.0155531
0.663408 0.512462 0.663408 0.0155531
0.663408 0.512462 0.663408 0.0155531
0.663408 0.512462 0.663408 0.0155531
0.663408 0.512462 0.663408 0.0155531
0.663408 0.512462 0.663408 0.0155531
0.663408 0.512462 0.663408 0.0155531
0.663408 0.512462 0.663408 0.0155531
0.663408 0.512462 0.663408 0.0155531
0.663408 0.512462 0.663408 0.0575133
0.663408 0.512462 0.663408 0.0155531
0.663409 0.512462 0.663409 0.0155531
0.663409 0.512462 0.663409 0.0575133
0.663409 0.512462 0.663409 0.0155531
0.663409 0.512462 0.663409 0.0155531
0.663409 0.512462 0.663409 0.0155531
0.663409 0.512462 0.663409 0.0575133
0.663409 0.512462 0.663409 0.0155531
0.663409 0.555009 0.663409 0.0155531
0.663409 0.555009 0.663409 0.0155531
0.663409 0.512462 0.663409 0.0155531
0.663409 0.512462 0.663409 0.0155531
0.663409 0.512462 0.663409 0.0155531
0.66341 0.512462 0.66341 0.0155531
0.66341 0.512462 0.66341 0.0155531
0.66341 0.512462 0.66341 0.0155531
0.66341 0.512462 0.66341 0.0155531
0.66341 0.512462 0.66341 0.0155531
0.66341 0.512462 0.66341 0.0575133
0.66341 0.512462 0.66341 0.0155531
0.66341 0.512462 0.66341 0.0155531
0.66341 0.512462 0.66341 0.0155531
0.66341 0.512462 0.66341 0.0155531
0.66341 0.512462 0.66341 0.0155531
0.66341 0.512462 0.66341 0.0155531
0.66341 0.512462 0.66341 0.0155531
0.663411 0.555009 0.663411 0.0155531
0.663411 0.555009 0.663411 0.0155531
0.663411 0.512462 0.663411 0.0155531
0.663411 0.512462 0.663411 0.0155531
0.663411 0.555009 0.663411 0.0155531
0.663411 0.555009 0.663411 0.0155531
0.663411 0.555009 0.663411 0.0155531
0.663411 0.512462 0.663411 0.0155531
0.663411 0.512462 0.663411 0.0155531
0.663411 0.512462 0.663411 0.0155531
0.663411 0.512462 0.663411 0.0155531
0.663411 0.555009 0.663411 -0.0264071
0.663412 0.555009 0.663412 0.0155531
0.663412 0.512462 0.663412 0.0155531
0.663412 0.512462 0.663412 0.0155531
0.663412 0.512462 0.663412 0.0155531
0.663412 0.512462 0.663412 0.0155531
0.663412 0.555009 0.663412 0.0155531
0.663412 0.555009 0.663412 -0.0264071
0.663412 0.512462 0.663412 0.0155531
0.663412 0.512462 0.663412 0.0155531
0.663412 0.512462 0.663412 -0.0264071
0.663412 0.512462 0.663412 0.0155531
0.663412 0.512462 0.663412 0.0155531
0.663412 0.512462 0.663412 -0.0264071
0.663413 0.555009 0.663413 -0.0264071
0.663413 0.512462 0.663413 0.0155531
0.663413 0.512462 0.663413 0.0155531
0.663413 0.512462 0.663413 -0.0264071
0.663413 0.555009 0.663413 -0.0264071
0.663413 0.555009 0.663413 -0.0264071
0.663413 0.512462 0.663413 -0.0264071
0.663413 0.512462 0.663413 -0.0264071
0.663413 0.555009 0.663413 -0.0264071
0.663413 0.555009 0.663413 0.0155531
0.663413 0.512462 0.663413 0.0155531
0.663413 0.512462 0.663413 -0.0264071
0.663414 0.555009 0.663414 0.0155531
0.663414 0.512462 0.663414 -0.0264071
0.663414 0.512462 0.663414 -0.0264071
0.663414 0.555009 0.663414 -0.0264071
0.663414 0.512462 0.663414 -0.0264071
0.663414 0.512462 0.663414 -0.0264071
0.663414 0.512462 0.663414 -0.0264071
0.663414 0.512462 0.663414 -0.0264071
0.663414 0.512462 0.663414 -0.0264071
0.663414 0.512462 0.663414 -0.0264071
0.663414 0.555009 0.663414 -0.0264071
0.663414 0.512462 0.663414 -0.0264071
0.663414 0.512462 0.663414 -0.0264071
0.663415 0.512462 0.663415 -0.0264071
0.663415 0.512462 0.663415 0.0155531
0.663415 0.512462 0.663415 -0.0264071
0.663415 0.512462 0.663415 -0.0264071
0.663415 0.512462 0.663415 -0.0264071
0.663415 0.512462 0.663415 0.0155531
0.663415 0.512462 0.663415 -0.0264071
0.663415 0.512462 0.663415 0.0155531
0.663415 0.555009 0.663415 -0.0264071
0.663415 0.512462 0.663415 -0.0264071
0.663415 0.512462 0.663415 -0.0264071
0.663415 0.512462 0.663415 -0.0264071
0.663416 0.512462 0.663416 -0.0264071
0.663416 0.512462 0.663416 -0.0264071
0.663416 0.512462 0.663416 -0.0264071
0.663416 0.512462 0.663416 -0.0264071
0.663416 0.512462 0.663416 -0.0264071
0.663416 0.512462 0.663416 0.0155531
0.663416 0.469916 0.663416 0.0155531
0.663416 0.512462 0.663416 -0.0264071
0.663416 0.512462 0.663416 -0.0264071
0.663416 0.512462 0.663416 -0.0264071
0.663416 0.512462 0.663416 0.0155531
0.663416 0.512462 0.663416 -0.0264071
0.663416 0.555009 0.663416 -0.0264071
0.663417 0.555009 0.663417 -0.0264071
0.663417 0.512462 0.663417 -0.0264071
0.663417 0.512462 0.663417 -0.0264071
0.663417 0.555009 0.663417 0.0155531
0.663417 0.512462 0.663417 -0.0264071
0.663417 0.512462 0.663417 0.0155531
0.663417 0.512462 0.663417 -0.0264071
0.663417 0.512462 0.663417 -0.0264071
0.663417 0.512462 0.663417 -0.0264071
0.663417 0.512462 0.663417 0.0155531
0.663417 0.512462 0.663417 -0.0264071
0.663417 0.555009 0.663417 -0.0264071
0.663418 0.512462 0.663418 -0.0264071
0.663418 0.512462 0.663418 0.0155531
0.663418 0.512462 0.663418 0.0155531
0.663418 0.512462 0.663418 -0.0264071
0.663418 0.512462 0.663418 -0.0264071
0.663418 0.555009 0.663418 -0.0264071
0.663418 0.512462 0.663418 0.0155531
0.663418 0.555009 0.663418 -0.0264071
0.663418 0.512462 0.663418 -0.0264071
0.663418 0.512462 0.663418 -0.0264071
0.663418 0.555009 0.663418 0.0155531
0.663418 0.512462 0.663418 -0.0264071
0.663418 0.512462 0.663418 -0.0264071
0.663419 0.512462 0.663419 -0.0264071
0.663419 0.512462 0.663419 -0.0264071
0.663419 0.512462 0.663419 -0.0264071
0.663419 0.555009 0.663419 -0.0264071
0.663419 0.555009 0.663419 -0.0264071
0.663419 0.512462 0.663419 -0.0264071
0.663419 0.512462 0.663419 -0.0264071
0.663419 0.512462 0.663419 -0.0264071
0.663419 0.512462 0.663419 -0.0264071
0.663419 0.555009 0.663419 0.0155531
0.663419 0.512462 0.663419 -0.0264071
0.663419 0.512462 0.663419 -0.0264071
0.66342 0.555009 0.66342 -0.0264071
0.66342 0.512462 0.66342 -0.0264071
0.66342 0.512462 0.66342 -0.0264071
0.66342 0.512462 0.66342 -0.0264071
0.66342 0.555009 0.66342 -0.0264071
0.66342 0.555009 0.66342 0.0155531
0.66342 0.555009 0.66342 -0.0264071
0.66342 0.555009 0.66342 -0.0264071
0.66342 0.512462 0.66342 -0.0264071
0.66342 0.512462 0.66342 -0.0264071
0.66342 0.512462 0.66342 0.0155531
0.66342 0.555009 0.66342 -0.0264071
0.66342 0.555009 0.66342 -0.0264071
0.663421 0.512462 0.663421 -0.0264071
0.663421 0.512462 0.663421 -0.0264071
0.663421 0.512462 0.663421 -0.0264071
0.663421 0.555009 0.663421 -0.0264071
0.663421 0.512462 0.663421 -0.0264071
0.663421 0.512462 0.663421 -0.0264071
0.663421 0.512462 0.663421 -0.0264071
0.663421 0.512462 0.663421 -0.0264071
0.663421 0.512462 0.663421 -0.0264071
0.663421 0.555009 0.663421 -0.0264071
0.663421 0.555009 0.663421 -0.0264071
0.663421 0.512462 0.663421 -0.0264071
0.663422 0.512462 0.663422 -0.0264071
0.663422 0.512462 0.663422 -0.0264071
0.663422 0.512462 0.663422 -0.0264071
0.663422 0.512462 0.663422 -0.0264071
0.663422 0.512462 0.663422 -0.0264071
0.663422 0.555009 0.663422 -0.0264071
0.663422 0.555009 0.663422 -0.0264071
0.663422 0.512462 0.663422 -0.0264071
0.663422 0.512462 0.663422 -0.0264071
0.663422 0.512462 0.663422 -0.0264071
0.663422 0.512462 0.663422 -0.0264071
0.663422 0.555009 0.663422 -0.0264071
0.663422 0.512462 0.663422 -0.0264071
0.663423 0.555009 0.663423 -0.0264071
0.663423 0.555009 0.663423 -0.0264071
0.663423 0.512462 0.663423 -0.0264071
0.663423 0.512462 0.663423 -0.0264071
0.663423 0.555009 0.663423 -0.0264071
0.663423 0.512462 0.663423 -0.0264071
0.663423 0.512462 0.663423 -0.0264071
0.663423 0.555009 0.663423 -0.0264071
0.663423 0.512462 0.663423 -0.0264071
0.663423 0.512462 0.663423 -0.0264071
0.663423 0.555009 0.663423 -0.0264071
0.663423 0.555009 0.663423 -0.0264071
0.663424 0.555009 0.663424 -0.0264071
0.663424 0.512462 0.663424 -0.0264071
0.663424 0.555009 0.663424 -0.0264071
0.663424 0.512462 0.663424 -0.0264071
0.663424 0.555009 0.663424 -0.0264071
0.663424 0.555009 0.663424 -0.0264071
0.663424 0.512462 0.663424 -0.0264071
0.663424 0.512462 0.663424 -0.0264071
0.663424 0.555009 0.663424 -0.0264071
0.663424 0.512462 0.663424 -0.0264071
0.663424 0.512462 0.663424 -0.0264071
0.663424 0.512462 0.663424 -0.0264071
0.663424 0.555009 0.663424 -0.0264071
0.663425 0.512462 0.663425 -0.0264071
0.663425 0.512462 0.663425 -0.0264071
0.663425 0.512462 0.663425 -0.0264071
0.663425 0.512462 0.663425 -0.0264071
0.663425 0.512462 0.663425 -0.0264071
0.663425 0.555009 0.663425 -0.0264071
0.663425 0.555009 0.663425 -0.0264071
0.663425 0.512462 0.663425 -0.0264071
0.663425 0.555009 0.663425 -0.0264071
0.663425 0.512462 0.663425 -0.0264071
0.663425 0.512462 0.663425 -0.0264071
0.663425 0.512462 0.663425 -0.0264071
0.663426 0.555009 0.663426 -0.0264071
0.663426 0.512462 0.663426 -0.0264071
0.663426 0.555009 0.663426 -0.0264071
0.663426 0.512462 0.663426 -0.0264071
0.663426 0.555009 0.663426 -0.0264071
0.663426 0.555009 0.663426 -0.0264071
0.663426 0.555009 0.663426 -0.0264071
0.663426 0.555009 0.663426 -0.0264071
0.663426 0.555009 0.663426 -0.0264071
0.663426 0.555009 0.663426 -0.0264071
0.663426 0.555009 0.663426 -0.0683673
0.663426 0.555009 0.663426 -0.0264071
0.663426 0.512462 0.663426 -0.0264071
0.663427 0.512462 0.663427 -0.0264071
0.663427 0.512462 0.663427 -0.0264071
0.663427 0.512462 0.663427 -0.0264071
0.663427 0.512462 0.663427 -0.0264071
0.663427 0.555009 0.663427 -0.0264071
0.663427 0.555009 0.663427 -0.0264071
0.663427 0.555009 0.663427 -0.0264071
0.663427 0.555009 0.663427 -0.0264071
0.663427 0.555009 0.663427 -0.0264071
0.663427 0.555009 0.663427 -0.0264071
0.663427 0.512462 0.663427 -0.0264071
0.663427 0.512462 0.663427 -0.0683673
0.663428 0.555009 0.663428 -0.0264071
0.663428 0.512462 0.663428 -0.0264071
0.663428 0.512462 0.663428 -0.0264071
0.663428 0.512462 0.663428 -0.0264071
0.663428 0.512462 0.663428 -0.0264071
0.663428 0.555009 0.663428 -0.0264071
0.663428 0.512462 0.663428 -0.0264071
0.663428 0.512462 0.663428 -0.0264071
0.663428 0.555009 0.663428 -0.0264071
0.663428 0.512462 0.663428 -0.0264071
0.663428 0.555009 0.663428 -0.0264071
0.663428 0.512462 0.663428 -0.0683673
0.663428 0.512462 0.663428 -0.0264071
0.663429 0.512462 0.663429 -0.0264071
0.663429 0.512462 0.663429 -0.0264071
0.663429 0.512462 0.663429 -0.0264071
0.663429 0.512462 0.663429 -0.0264071
0.663429 0.555009 0.663429 -0.0264071
0.663429 0.555009 0.663429 -0.0264071
0.663429 0.512462 0.663429 -0.0264071
0.663429 0.555009 0.663429 -0.0264071
0.663429 0.512462 0.663429 -0.0264071
0.663429 0.512462 0.663429 -0.0264071
0.663429 0.555009 0.663429 -0.0264071
0.663429 0.512462 0.663429 -0.0264071
0.66343 0.512462 0.66343 -0.0264071
0.66343 0.512462 0.66343 -0.0264071
0.66343 0.555009 0.66343 -0.0264071
0.66343 0.555009 0.66343 -0.0264071
0.66343 0.512462 0.66343 -0.0264071
0.66343 0.512462 0.66343 -0.0264071
0.66343 0.512462 0.66343 -0.0264071
0.66343 0.555009 0.66343 -0.0264071
0.66343 0.512462 0.66343 -0.0264071
0.66343 0.555009 0.66343 -0.0264071
0.66343 0.512462 0.66343 -0.0264071
0.66343 0.512462 0.66343 -0.0264071
0.66343 0.512462 0.66343 -0.0264071
0.663431 0.512462 0.663431 -0.0264071
0.663431 0.512462 0.663431 -0.0264071
0.663431 0.512462 0.663431 -0.0264071
0.663431 0.555009 0.663431 -0.0264071
0.663431 0.512462 0.663431 -0.0264071
0.663431 0.512462 0.663431 -0.0264071
0.663431 0.512462 0.663431 -0.0264071
0.663431 0.512462 0.663431 -0.0264071
0.663431 0.469916 0.663431 -0.0264071
0.663431 0.512462 0.663431 -0.0264071
0.663431 0.512462 0.663431 -0.0264071
0.663431 0.512462 0.663431 -0.0264071
0.663432 0.512462 0.663432 -0.0264071
0.663432 0.555009 0.663432 -0.0264071
0.663432 0.512462 0.663432 -0.0264071
0.663432 0.555009 0.663432 -0.0264071
0.663432 0.555009 0.663432 -0.0264071
0.663432 0.555009 0.663432 -0.0264071
0.663432 0.512462 0.663432 -0.0264071
0.663432 0.512462 0.663432 -0.0264071
0.663432 0.512462 0.663432 -0.0264071
0.663432 0.512462 0.663432 -0.0264071
0.663432 0.555009 0.663432 -0.0264071
0.663432 0.512462 0.663432 -0.0264071
0.663432 0.512462 0.663432 -0.0264071
0.663433 0.512462 0.663433 -0.0264071
0.663433 0.512462 0.663433 -0.0264071
0.663433 0.512462 0.663433 -0.0264071
0.663433 0.512462 0.663433 -0.0264071
0.663433 0.555009 0.663433 -0.0683673
0.663433 0.555009 0.663433 -0.0264071
0.663433 0.512462 0.663433 -0.0264071
0.663433 0.512462 0.663433 -0.0264071
0.663433 0.512462 0.663433 -0.0264071
0.663433 0.512462 0.663433 -0.0264071
0.663433 0.512462 0.663433 -0.0264071
0.663433 0.512462 0.663433 -0.0264071
0.663434 0.512462 0.663434 -0.0264071
0.663434 0.512462 0.663434 -0.0264071
0.663434 0.512462 0.663434 -0.0264071
0.663434 0.512462 0.663434 -0.0264071
0.663434 0.512462 0.663434 -0.0264071
0.663434 0.555009 0.663434 -0.0264071
0.663434 0.512462 0.663434 -0.0264071
0.663434 0.512462 0.663434 -0.0264071
0.663434 0.512462 0.663434 -0.0264071
0.663434 0.555009 0.663434 -0.0264071
0.663434 0.512462 0.663434 -0.0264071
0.663434 0.512462 0.663434 -0.0264071
0.663434 0.512462 0.663434 -0.0264071
0.663435 0.512462 0.663435 -0.0264071
0.663435 0.512462 0.663435 -0.0264071
0.663435 0.512462 0.663435 -0.0264071
0.663435 0.512462 0.663435 -0.0264071
0.663435 0.512462 0.663435 -0.0264071
0.663435 0.512462 0.663435 -0.0264071
0.663435 0.512462 0.663435 -0.0264071
0.663435 0.512462 0.663435 -0.0264071
0.663435 0.512462 0.663435 -0.0264071
0.663435 0.555009 0.663435 -0.0264071
0.663435 0.512462 0.663435 -0.0264071
0.663435 0.512462 0.663435 -0.0264071
0.663436 0.512462 0.663436 -0.0264071
0.663436 0.512462 0.663436 -0.0264071
0.663436 0.555009 0.663436 -0.0264071
0.663436 0.512462 0.663436 -0.0264071
0.663436 0.512462 0.663436 -0.0264071
0.663436 0.555009 0.663436 -0.0264071
0.663436 0.512462 0.663436 -0.0264071
0.663436 0.512462 0.663436 -0.0264071
0.663436 0.555009 0.663436 -0.0264071
0.663436 0.512462 0.663436 -0.0264071
0.663436 0.555009 0.663436 -0.0264071
0.663436 0.512462 0.663436 -0.0264071
0.663436 0.555009 0.663436 -0.0264071
0.663437 0.555009 0.663437 -0.0264071
0.663437 0.555009 0.663437 -0.0264071
0.663437 0.512462 0.663437 -0.0264071
0.663437 0.512462 0.663437 -0.0264071
0.663437 0.512462 0.663437 -0.0264071
0.663437 0.512462 0.663437 -0.0264071
0.663437 0.555009 0.663437 -0.0264071
0.663437 0.555009 0.663437 -0.0264071
0.663437 0.512462 0.663437 -0.0264071
0.663437 0.512462 0.663437 -0.0264071
0.663437 0.512462 0.663437 -0.0264071
0.663437 0.555009 0.663437 -0.0264071
0.663438 0.512462 0.663438 -0.0264071
0.663438 0.512462 0.663438 -0.0264071
0.663438 0.512462 0.663438 -0.0264071
0.663438 0.555009 0.663438 -0.0264071
0.663438 0.555009 0.663438 -0.0264071
0.663438 0.512462 0.663438 -0.0264071
0.663438 0.512462 0.663438 -0.0264071
0.663438 0.512462 0.663438 -0.0264071
0.663438 0.512462 0.663438 -0.0264071
0.663438 0.555009 0.663438 -0.0264071
0.663438 0.555009 0.663438 -0.0264071
0.663438 0.512462 0.663438 -0.0264071
0.663438 0.512462 0.663438 -0.0264071
0.663439 0.555009 0.663439 -0.0264071
0.663439 0.512462 0.663439 -0.0264071
0.663439 0.555009 0.663439 -0.0264071
0.663439 0.512462 0.663439 -0.0264071
0.663439 0.555009 0.663439 -0.0264071
0.663439 0.555009 0.663439 -0.0264071
0.663439 0.555009 0.663439 -0.0264071
0.663439 0.555009 0.663439 -0.0264071
0.663439 0.555009 0.663439 -0.0264071
0.663439 0.512462 0.663439 -0.0264071
0.663439 0.512462 0.663439 -0.0264071
0.663439 0.512462 0.663439 -0.0264071
0.66344 0.512462 0.66344 -0.0264071
0.66344 0.555009 0.66344 -0.0264071
0.66344 0.512462 0.66344 -0.0264071
0.66344 0.555009 0.66344 -0.0264071
0.66344 0.555009 0.66344 -0.0264071
0.66344 0.555009 0.66344 -0.0264071
0.66344 0.555009 0.66344 -0.0264071
0.66344 0.555009 0.66344 -0.0264071
0.66344 0.512462 0.66344 -0.0264071
0.66344 0.555009 0.66344 -0.0264071
0.66344 0.555009 0.66344 -0.0264071
0.66344 0.555009 0.66344 -0.0264071
0.66344 0.512462 0.66344 -0.0264071
0.663441 0.512462 0.663441 -0.0264071
0.663441 0.512462 0.663441 -0.0264071
0.663441 0.555009 0.663441 -0.0264071
0.663441 0.555009 0.663441 -0.0264071
0.663441 0.512462 0.663441 -0.0264071
0.663441 0.555009 0.663441 -0.0264071
0.663441 0.512462 0.663441 -0.0264071
0.663441 0.512462 0.663441 -0.0264071
0.663441 0.512462 0.663441 -0.0264071
0.663441 0.555009 0.663441 -0.0264071
0.663441 0.555009 0.663441 -0.0264071
0.663441 0.555009 0.663441 -0.0264071
0.663442 0.555009 0.663442 -0.0264071
0.663442 0.512462 0.663442 -0.0264071
0.663442 0.555009 0.663442 0.0155531
0.663442 0.512462 0.663442 -0.0264071
0.663442 0.512462 0.663442 -0.0264071
0.663442 0.512462 0.663442 -0.0264071
0.663442 0.512462 0.663442 -0.0264071
0.663442 0.512462 0.663442 -0.0264071
0.663442 0.512462 0.663442 -0.0264071
0.663442 0.555009 0.663442 -0.0264071
0.663442 0.512462 0.663442 -0.0264071
0.663442 0.512462 0.663442 -0.0264071
0.663442 0.512462 0.663442 -0.0264071
0.663443 0.512462 0.663443 -0.0264071
0.663443 0.512462 0.663443 -0.0264071
0.663443 0.512462 0.663443 -0.0264071
0.663443 0.512462 0.663443 -0.0264071
0.663443 0.512462 0.663443 0.0155531
0.663443 0.512462 0.663443 -0.0264071
0.663443 0.512462 0.663443 -0.0264071
0.663443 0.512462 0.663443 -0.0264071
0.663443 0.555009 0.663443 -0.0264071
0.663443 0.512462 0.663443 -0.0264071
0.663443 0.555009 0.663443 -0.0264071
0.663443 0.512462 0.663443 -0.0264071
0.663444 0.512462 0.663444 -0.0264071
0.663444 0.512462 0.663444 -0.0264071
0.663444 0.512462 0.663444 -0.0264071
0.663444 0.512462 0.663444 -0.0264071
0.663444 0.555009 0.663444 -0.0264071
0.663444 0.555009 0.663444 -0.0264071
0.663444 0.555009 0.663444 -0.0264071
0.663444 0.512462 0.663444 -0.0264071
0.663444 0.555009 0.663444 -0.0264071
0.663444 0.512462 0.663444 -0.0264071
0.663444 0.512462 0.663444 0.0155531
0.663444 0.512462 0.663444 -0.0264071
0.663444 0.512462 0.663444 -0.0264071
0.663445 0.512462 0.663445 0.0155531
0.663445 0.512462 0.663445 -0.0264071
0.663445 0.512462 0.663445 -0.0264071
0.663445 0.555009 0.663445 -0.0264071
0.663445 0.512462 0.663445 -0.0264071
0.663445 0.512462 0.663445 -0.0264071
0.663445 0.512462 0.663445 -0.0264071
0.663445 0.512462 0.663445 -0.0264071
0.663445 0.555009 0.663445 -0.0264071
0.663445 0.512462 0.663445 -0.0264071
0.663445 0.555009 0.663445 -0.0264071
0.663445 0.555009 0.663445 -0.0264071
0.663446 0.512462 0.663446 -0.0264071
0.663446 0.512462 0.663446 -0.0264071
0.663446 0.512462 0.663446 -0.0264071
0.663446 0.512462 0.663446 0.0155531
0.663446 0.512462 0.663446 -0.0264071
0.663446 0.512462 0.663446 -0.0264071
0.663446 0.555009 0.663446 0.0155531
0.663446 0.512462 0.663446 -0.0264071
0.663446 0.555009 0.663446 -0.0264071
0.663446 0.512462 0.663446 0.0155531
0.663446 0.512462 0.663446 -0.0264071
0.663446 0.512462 0.663446 -0.0264071
0.663446 0.555009 0.663446 0.0155531
0.663447 0.512462 0.663447 -0.0264071
0.663447 0.555009 0.663447 -0.0264071
0.663447 0.512462 0.663447 0.0155531
0.663447 0.555009 0.663447 0.0155531
0.663447 0.555009 0.663447 -0.0264071
0.663447 0.555009 0.663447 0.0155531
0.663447 0.512462 0.663447 -0.0264071
0.663447 0.555009 0.663447 0.0155531
0.663447 0.512462 0.663447 -0.0264071
0.663447 0.512462 0.663447 -0.0264071
0.663447 0.555009 0.663447 0.0155531
0.663447 0.555009 0.663447 -0.0264071
0.663448 0.555009 0.663448 -0.0264071
0.663448 0.555009 0.663448 -0.0264071
0.663448 0.555009 0.663448 -0.0264071
0.663448 0.512462 0.663448 -0.0264071
0.663448 0.512462 0.663448 -0.0264071
0.663448 0.555009 0.663448 0.0155531
0.663448 0.555009 0.663448 -0.0264071
0.663448 0.555009 0.663448 0.0155531
0.663448 0.555009 0.663448 -0.0264071
0.663448 0.555009 0.663448 -0.0264071
0.663448 0.555009 0.663448 -0.0264071
0.663448 0.555009 0.663448 0.0155531
0.663448 0.512462 0.663448 -0.0264071
0.663449 0.555009 0.663449 -0.0264071
0.663449 0.512462 0.663449 -0.0264071
0.663449 0.555009 0.663449 0.0155531
0.663449 0.512462 0.663449 -0.0264071
0.663449 0.469916 0.663449 0.0155531
0.663449 0.512462 0.663449 -0.0264071
0.663449 0.555009 0.663449 0.0155531
0.663449 0.512462 0.663449 -0.0264071
0.663449 0.512462 0.663449 -0.0264071
0.663449 0.555009 0.663449 0.0155531
0.663449 0.512462 0.663449 -0.0264071
0.663449 0.512462 0.663449 -0.0264071
0.66345 0.512462 0.66345 0.0155531
0.66345 0.512462 0.66345 -0.0264071
0.66345 0.512462 0.66345 -0.0264071
0.66345 0.512462 0.66345 -0.0264071
0.66345 0.512462 0.66345 -0.0264071
0.66345 0.512462 0.66345 -0.0264071
0.66345 0.512462 0.66345 -0.0264071
0.66345 0.512462 0.66345 0.0155531
0.66345 0.512462 0.66345 0.0155531
0.66345 0.512462 0.66345 0.0155531
0.66345 0.512462 0.66345 -0.0264071
0.66345 0.555009 0.66345 0.0155531
0.66345 0.512462 0.66345 -0.0264071
0.663451 0.512462 0.663451 -0.0264071
0.663451 0.512462 0.663451 0.0155531
0.663451 0.512462 0.663451 -0.0264071
0.663451 0.512462 0.663451 0.0155531
0.663451 0.512462 0.663451 0.0155531
0.663451 0.512462 0.663451 -0.0264071
0.663451 0.555009 0.663451 0.0155531
0.663451 0.512462 0.663451 -0.0264071
0.663451 0.512462 0.663451 -0.0264071
0.663451 0.512462 0.663451 -0.0264071
0.663451 0.512462 0.663451 0.0155531
0.663451 0.512462 0.663451 0.0155531
0.663452 0.512462 0.663452 -0.0264071
0.663452 0.555009 0.663452 0.0155531
0.663452 0.512462 0.663452 0.0155531
0.663452 0.512462 0.663452 0.0155531
0.663452 0.512462 0.663452 0.0155531
0.663452 0.555009 0.663452 0.0155531
0.663452 0.512462 0.663452 0.0155531
0.663452 0.512462 0.663452 -0.0264071
0.663452 0.555009 0.663452 0.0155531
0.663452 0.512462 0.663452 0.0155531
0.663452 0.512462 0.663452 0.0155531
0.663452 0.512462 0.663452 0.0155531
0.663452 0.512462 0.663452 0.0575133
0.663453 0.512462 0.663453 -0.0264071
0.663453 0.512462 0.663453 0.0155531
0.663453 0.512462 0.663453 0.0155531
0.663453 0.555009 0.663453 0.0155531
0.663453 0.512462 0.663453 0.0155531
0.663453 0.512462 0.663453 0.0155531
0.663453 0.512462 0.663453 0.0155531
0.663453 0.512462 0.663453 0.0155531
0.663453 0.512462 0.663453 0.0155531
0.663453 0.512462 0.663453 0.0155531
0.663453 0.512462 0.663453 0.0155531
0.663453 0.512462 0.663453 0.0155531
0.663454 0.512462 0.663454 0.0155531
0.663454 0.512462 0.663454 0.0155531
0.663454 0.512462 0.663454 -0.0264071
0.663454 0.512462 0.663454 0.0155531
0.663454 0.512462 0.663454 0.0155531
0.663454 0.512462 0.663454 0.0155531
0.663454 0.512462 0.663454 0.0155531
0.663454 0.512462 0.663454 0.0575133
0.663454 0.512462 0.663454 0.0155531
0.663454 0.512462 0.663454 0.0155531
0.663454 0.512462 0.663454 0.0155531
0.663454 0.512462 0.663454 0.0155531
0.663454 0.512462 0.663454 0.0155531
0.663455 0.512462 0.663455 0.0155531
0.663455 0.512462 0.663455 0.0575133
0.663455 0.512462 0.663455 0.0155531
0.663455 0.512462 0.663455 -0.0264071
0.663455 0.555009 0.663455 0.0155531
0.663455 0.512462 0.663455 0.0155531
0.663455 0.512462 0.663455 0.0155531
0.663455 0.512462 0.663455 0.0155531
0.663455 0.512462 0.663455 0.0155531
0.663455 0.555009 0.663455 0.0155531
0.663455 0.512462 0.663455 0.0155531
0.663455 0.555009 0.663455 0.0155531
0.663456 0.512462 0.663456 0.0155531
0.663456 0.512462 0.663456 0.0155531
0.663456 0.555009 0.663456 0.0155531
0.663456 0.512462 0.663456 0.0155531
0.663456 0.512462 0.663456 0.0575133
0.663456 0.555009 0.663456 0.0155531
0.663456 0.512462 0.663456 0.0575133
0.663456 0.512462 0.663456 0.0155531
0.663456 0.512462 0.663456 0.0155531
0.663456 0.512462 0.663456 0.0155531
0.663456 0.512462 0.663456 0.0155531
0.663456 0.512462 0.663456 0.0575133
0.663456 0.555009 0.663456 0.0575133
0.663457 0.512462 0.663457 0.0575133
0.663457 0.469916 0.663457 0.0155531
0.663457 0.512462 0.663457 0.0155531
0.663457 0.512462 0.663457 0.0155531
0.663457 0.512462 0.663457 0.0575133
0.663457 0.555009 0.663457 0.0155531
0.663457 0.512462 0.663457 0.0575133
0.663457 0.512462 0.663457 0.0575133
0.663457 0.512462 0.663457 0.0575133
0.663457 0.555009 0.663457 0.0155531
0.663457 0.512462 0.663457 0.0575133
0.663457 0.512462 0.663457 0.0575133
0.663458 0.555009 0.663458 0.0155531
0.663458 0.512462 0.663458 0.0575133
0.663458 0.512462 0.663458 0.0575133
0.663458 0.512462 0.663458 0.0155531
0.663458 0.512462 0.663458 0.0575133
0.663458 0.555009 0.663458 0.0575133
0.663458 0.555009 0.663458 0.0155531
0.663458 0.512462 0.663458 0.0575133
0.663458 0.555009 0.663458 0.0575133
0.663458 0.555009 0.663458 0.0155531
0.663458 0.555009 0.663458 0.0155531
0.663458 0.512462 0.663458 0.0575133
0.663458 0.512462 0.663458 0.0575133
0.663459 0.512462 0.663459 0.0155531
0.663459 0.512462 0.663459 0.0575133
0.663459 0.512462 0.663459 0.0155531
0.663459 0.512462 0.663459 0.0575133
0.663459 0.512462 0.663459 0.0575133
0.663459 0.555009 0.663459 0.0575133
0.663459 0.555009 0.663459 0.0155531
0.663459 0.555009 0.663459 0.0575133
0.663459 0.512462 0.663459 0.0155531
0.663459 0.512462 0.663459 0.0155531
0.663459 0.555009 0.663459 0.0155531
0.663459 0.512462 0.663459 0.0155531
0.66346 0.555009 0.66346 0.0575133
0.66346 0.555009 0.66346 0.0155531
0.66346 0.512462 0.66346 0.0575133
0.66346 0.512462 0.66346 0.0575133
0.66346 0.555009 0.66346 0.0575133
0.66346 0.555009 0.66346 0.0575133
0.66346 0.512462 0.66346 0.0155531
0.66346 0.555009 0.66346 0.0155531
0.66346 0.555009 0.66346 0.0155531
0.66346 0.512462 0.66346 0.0575133
0.66346 0.512462 0.66346 0.0155531
0.66346 0.512462 0.66346 0.0575133
0.66346 0.512462 0.66346 0.0575133
0.663461 0.512462 0.663461 0.0575133
0.663461 0.555009 0.663461 0.0575133
0.663461 0.512462 0.663461 0.0155531
0.663461 0.512462 0.663461 0.0575133
0.663461 0.555009 0.663461 0.0575133
0.663461 0.512462 0.663461 0.0155531
0.663461 0.512462 0.663461 0.0155531
0.663461 0.555009 0.663461 0.0575133
0.663461 0.555009 0.663461 0.0575133
0.663461 0.512462 0.663461 0.0155531
0.663461 0.512462 0.663461 0.0155531
0.663461 0.512462 0.663461 0.0155531
0.663462 0.512462 0.663462 0.0575133
0.663462 0.512462 0.663462 0.0575133
0.663462 0.512462 0.663462 0.0155531
0.663462 0.555009 0.663462 0.0155531
0.663462 0.512462 0.663462 0.0575133
0.663462 0.512462 0.663462 0.0155531
0.663462 0.512462 0.663462 0.0155531
0.663462 0.512462 0.663462 0.0155531
0.663462 0.512462 0.663462 0.0575133
0.663462 0.512462 0.663462 0.0155531
0.663462 0.512462 0.663462 0.0575133
0.663462 0.555009 0.663462 0.0575133
0.663462 0.555009 0.663462 0.0575133
0.663463 0.512462 0.663463 0.0155531
0.663463 0.512462 0.663463 0.0575133
0.663463 0.512462 0.663463 0.0575133
0.663463 0.512462 0.663463 0.0575133
0.663463 0.512462 0.663463 0.0575133
0.663463 0.555009 0.663463 0.0155531
0.663463 0.512462 0.663463 0.0575133
0.663463 0.512462 0.663463 0.0575133
0.663463 0.512462 0.663463 0.0575133
0.663463 0.555009 0.663463 0.0155531
0.663463 0.512462 0.663463 0.0575133
0.663463 0.512462 0.663463 0.0575133
0.663464 0.555009 0.663464 0.0575133
0.663464 0.512462 0.663464 0.0155531
0.663464 0.512462 0.663464 0.0575133
0.663464 0.512462 0.663464 0.0575133
0.663464 0.555009 0.663464 0.0155531
0.663464 0.512462 0.663464 0.0575133
0.663464 0.512462 0.663464 0.0575133
0.663464 0.555009 0.663464 0.0155531
0.663464 0.512462 0.663464 0.0575133
0.663464 0.512462 0.663464 0.0155531
0.663464 0.555009 0.663464 0.0155531
0.663464 0.555009 0.663464 0.0155531
0.663464 0.512462 0.663464 0.0575133
0.663465 0.555009 0.663465 0.0575133
0.663465 0.555009 0.663465 0.0575133
0.663465 0.512462 0.663465 0.0155531
0.663465 0.555009 0.663465 0.0575133
0.663465 0.512462 0.663465 0.0575133
0.663465 0.512462 0.663465 0.0575133
0.663465 0.555009 0.663465 0.0575133
0.663465 0.512462 0.663465 0.0575133
0.663465 0.512462 0.663465 0.0575133
0.663465 0.512462 0.663465 0.0575133
0.663465 0.512462 0.663465 0.0575133
0.663465 0.555009 0.663465 0.0575133
0.663466 0.512462 0.663466 0.0575133
0.663466 0.512462 0.663466 0.0575133
0.663466 0.555009 0.663466 0.0575133
0.663466 0.555009 0.663466 0.0575133
0.663466 0.512462 0.663466 0.0575133
0.663466 0.512462 0.663466 0.0575133
0.663466 0.512462 0.663466 0.0575133
0.663466 0.512462 0.663466 0.0575133
0.663466 0.512462 0.663466 0.0575133
0.663466 0.512462 0.663466 0.0575133
0.663466 0.512462 0.663466 0.0575133
0.663466 0.512462 0.663466 0.0575133
0.663466 0.512462 0.663466 0.0575133
0.663467 0.555009 0.663467 0.0575133
0.663467 0.555009 0.663467 0.0575133
0.663467 0.555009 0.663467 0.0575133
0.663467 0.555009 0.663467 0.0575133
0.663467 0.512462 0.663467 0.0575133
0.663467 0.512462 0.663467 0.0575133
0.663467 0.512462 0.663467 0.0575133
0.663467 0.555009 0.663467 0.0575133
0.663467 0.512462 0.663467 0.0575133
0.663467 0.555009 0.663467 0.0575133
0.663467 0.555009 0.663467 0.0575133
0.663467 0.555009 0.663467 0.0575133
0.663468 0.555009 0.663468 0.0575133
0.663468 0.512462 0.663468 0.0575133
0.663468 0.555009 0.663468 0.0575133
0.663468 0.512462 0.663468 0.0575133
0.663468 0.512462 0.663468 0.0575133
0.663468 0.555009 0.663468 0.0575133
0.663468 0.512462 0.663468 0.0575133
0.663468 0.512462 0.663468 0.0575133
0.663468 0.555009 0.663468 0.0575133
0.663468 0.555009 0.663468 0.0575133
0.663468 0.512462 0.663468 0.0575133
0.663468 0.512462 0.663468 0.0575133
0.663468 0.555009 0.663468 0.0994735
0.663469 0.512462 0.663469 0.0575133
0.663469 0.555009 0.663469 0.0994735
0.663469 0.512462 0.663469 0.0575133
0.663469 0.555009 0.663469 0.0575133
0.663469 0.512462 0.663469 0.0575133
0.663469 0.512462 0.663469 0.0575133
0.663469 0.512462 0.663469 0.0575133
0.663469 0.512462 0.663469 0.0575133
0.663469 0.512462 0.663469 0.0575133
